        G    A    S    C    V    T    I    P    M    D    N    L    K    E     Q     R     H     F     Y     W
  G     9    0   -1   -6   -6   -3   -7   -5   -5   -3   -1   -7   -3   -4   -4   -4   -4   -6   -6   -6  
  A     0    7    2   -1   -1    0   -3   -1   -2   -3   -3   -3   -1   -2   -2   -3   -3   -4   -4   -5  
  S    -1    2    7   -2   -3    2   -4   -2   -3   -1    1   -4   -1   -1   -1   -2   -2   -4   -3   -6  
  C    -6   -1   -2   13   -2   -2   -2   -6   -3   -7   -5   -3   -6   -7   -5   -6   -7   -4   -5   -5  
  V    -6   -1   -3   -2    7    0    4   -4    1   -6   -5    1   -4   -4   -4   -4   -5   -2   -3   -5  
  T    -3    0    2   -2    0    8   -2   -3   -1   -2    0   -3   -1   -2   -1   -2   -3   -4   -3   -5  
  I    -7   -3   -4   -2    4   -2    7   -5    2   -7   -6    2   -5   -6   -5   -5   -6   -1   -3   -5  
  P    -5   -1   -2   -6   -4   -3   -5   12   -4   -3   -4   -5   -2   -2   -3   -3   -4   -6   -6   -7  
  M    -5   -2   -3   -3    1   -1    2   -4    9   -6   -4    3   -3   -4   -1   -3   -4    0   -3   -3  
  D    -3   -3   -1   -7   -6   -2   -7   -3   -6   10    2   -7   -2    2   -1   -3   -2   -6   -6   -8  
  N    -1   -3    1   -5   -5    0   -6   -4   -4    2    9   -6    0   -1    0   -1    1   -6   -4   -7  
  L    -7   -3   -4   -3    1   -3    2   -5    3   -7   -6    6   -4   -6   -4   -4   -5    0   -2   -4  
  K    -3   -1   -1   -6   -4   -1   -5   -2   -3   -2    0   -4    8    1    2    3   -1   -5   -4   -6  
  E    -4   -2   -1   -7   -4   -2   -6   -2   -4    2   -1   -6    1    8    3   -1    0   -6   -5   -6  
  Q    -4   -2   -1   -5   -4   -1   -5   -3   -1   -1    0   -4    2    3    9    1    1   -5   -3   -4  
  R    -4   -3   -2   -6   -4   -2   -5   -3   -3   -3   -1   -4    3   -1    1    9    0   -5   -4   -5  
  H    -4   -3   -2   -7   -5   -3   -6   -4   -4   -2    1   -5   -1    0    1    0   12   -2    3   -4  
  F    -6   -4   -4   -4   -2   -4   -1   -6    0   -6   -6    0   -5   -6   -5   -5   -2   10    4    0  
  Y    -6   -4   -3   -5   -3   -3   -3   -6   -3   -6   -4   -2   -4   -5   -3   -4    3    4   11    3  
  W    -6   -5   -6   -5   -5   -5   -5   -7   -3   -8   -7   -4   -6   -6   -4   -5   -4    0    3   16  
========================= this is the rewritten BLOSUM matrix in our standard format==========================================
