
     GLY  ALA  SER  CYS  VAL  THR  ILE  PRO  MET  ASP  ASN  LEU  LYS  GLU  GLN  ARG  HIS  PHE  TYR  TRP
GLY  0.3  0.3  0.1 -0.6  0.1 -0.1 -0.2  0.0 -0.5  0.1 -0.2  0.1  0.3  0.5 -0.2 -0.1 -0.5 -0.3 -0.4 -0.8
ALA  0.3  0.1  0.1 -0.6 -0.5 -0.1 -0.7 -0.1 -0.8  0.3 -0.1 -0.6  0.3  0.4 -0.2 -0.1 -0.5 -0.7 -0.7 -1.0
SER  0.1  0.1  0.0 -0.8  0.0 -0.1 -0.2 -0.2 -0.7  0.0 -0.3  0.0  0.2  0.2 -0.3 -0.1 -0.7 -0.5 -0.5 -0.9
CYS -0.6 -0.6 -0.8 -2.2 -0.9 -0.9 -1.0 -1.0 -1.4 -0.7 -1.0 -0.8 -0.7 -0.6 -1.1 -0.9 -1.4 -1.2 -1.3 -1.6
VAL  0.1 -0.5  0.0 -0.9 -0.9 -0.4 -1.2 -0.4 -1.1  0.1 -0.2 -1.1  0.0  0.2 -0.4 -0.3 -0.7 -1.2 -0.9 -1.1
THR -0.1 -0.1 -0.1 -0.9 -0.4 -0.2 -0.5 -0.4 -0.9 -0.1 -0.4 -0.3  0.1  0.1 -0.4 -0.3 -0.8 -0.7 -0.7 -1.0
ILE -0.2 -0.7 -0.2 -1.0 -1.2 -0.5 -1.3 -0.5 -1.2 -0.1 -0.4 -1.4 -0.2 -0.1 -0.6 -0.5 -0.8 -1.4 -1.2 -1.3
PRO  0.0 -0.1 -0.2 -1.0 -0.4 -0.4 -0.5 -0.4 -1.0 -0.1 -0.5 -0.3 -0.1  0.0 -0.6 -0.5 -0.9 -0.8 -1.0 -1.3
MET -0.5 -0.8 -0.7 -1.4 -1.1 -0.9 -1.2 -1.0 -1.7 -0.7 -1.0 -1.1 -0.7 -0.6 -1.0 -0.9 -1.3 -1.4 -1.4 -1.6
ASP  0.1  0.3  0.0 -0.7  0.1 -0.1 -0.1 -0.1 -0.7  0.2 -0.2  0.2  0.0  0.4 -0.3 -0.4 -0.7 -0.4 -0.6 -0.9
ASN -0.2 -0.1 -0.3 -1.0 -0.2 -0.4 -0.4 -0.5 -1.0 -0.2 -0.6 -0.1 -0.1  0.0 -0.6 -0.4 -0.9 -0.7 -0.8 -1.1
LEU  0.1 -0.6  0.0 -0.8 -1.1 -0.3 -1.4 -0.3 -1.1  0.2 -0.1 -1.2  0.0  0.2 -0.4 -0.4 -0.6 -1.3 -1.1 -1.2
LYS  0.3  0.3  0.2 -0.7  0.0  0.1 -0.2 -0.1 -0.7  0.0 -0.1  0.0  0.5  0.1 -0.2  0.2 -0.5 -0.5 -0.5 -0.9
GLU  0.5  0.4  0.2 -0.6  0.2  0.1 -0.1  0.0 -0.6  0.4  0.0  0.2  0.1  0.6 -0.1 -0.2 -0.5 -0.3 -0.4 -0.8
GLN -0.2 -0.2 -0.3 -1.1 -0.4 -0.4 -0.6 -0.6 -1.0 -0.3 -0.6 -0.4 -0.2 -0.1 -0.7 -0.5 -1.0 -0.8 -0.9 -1.3
ARG -0.1 -0.1 -0.1 -0.9 -0.3 -0.3 -0.5 -0.5 -0.9 -0.4 -0.4 -0.4  0.2 -0.2 -0.5 -0.2 -0.8 -0.8 -0.8 -1.1
HIS -0.5 -0.5 -0.7 -1.4 -0.7 -0.8 -0.8 -0.9 -1.3 -0.7 -0.9 -0.6 -0.5 -0.5 -1.0 -0.8 -1.5 -1.1 -1.3 -1.5
PHE -0.3 -0.7 -0.5 -1.2 -1.2 -0.7 -1.4 -0.8 -1.4 -0.4 -0.7 -1.3 -0.5 -0.3 -0.8 -0.8 -1.1 -1.5 -1.3 -1.5
TYR -0.4 -0.7 -0.5 -1.3 -0.9 -0.7 -1.2 -1.0 -1.4 -0.6 -0.8 -1.1 -0.5 -0.4 -0.9 -0.8 -1.3 -1.3 -1.2 -1.5
TRP -0.8 -1.0 -0.9 -1.6 -1.1 -1.0 -1.3 -1.3 -1.6 -0.9 -1.1 -1.2 -0.9 -0.8 -1.3 -1.1 -1.5 -1.5 -1.5 -2.1

     GLY  ALA  SER  CYS  VAL  THR  ILE  PRO  MET  ASP  ASN  LEU  LYS  GLU  GLN  ARG  HIS  PHE  TYR  TRP
GLY  0.9  0.9  0.5 -0.2  0.5  0.3  0.3  0.4 -0.2  0.4  0.2  0.5  0.3  0.8  0.2  0.0 -0.1 -0.1 -0.2 -0.4
ALA  0.9  0.6  0.5 -0.2 -0.1  0.3 -0.4  0.2 -0.5  0.6  0.3 -0.1  0.6  0.8  0.2  0.2 -0.1 -0.4 -0.5 -0.7
SER  0.5  0.5  0.3 -0.3  0.3  0.1  0.2  0.1 -0.3  0.0  0.0  0.3  0.4  0.2 -0.1  0.0 -0.4 -0.2 -0.3 -0.6
CYS -0.2 -0.2 -0.3 -1.7 -0.5 -0.5 -0.6 -0.5 -1.0 -0.3 -0.6 -0.5 -0.2 -0.2 -0.6 -0.5 -1.0 -0.9 -0.9 -1.2
VAL  0.5 -0.1  0.3 -0.5 -0.5 -0.1 -0.9 -0.1 -0.8  0.4  0.1 -0.9  0.4  0.4  0.0  0.0 -0.3 -0.9 -0.8 -0.9
THR  0.3  0.3  0.1 -0.5 -0.1  0.1 -0.2 -0.1 -0.5 -0.1 -0.2  0.0  0.3  0.1 -0.2 -0.1 -0.4 -0.4 -0.5 -0.7
ILE  0.3 -0.4  0.2 -0.6 -0.9 -0.2 -0.9 -0.2 -0.9  0.2  0.0 -1.1  0.1  0.3 -0.2 -0.2 -0.5 -1.1 -0.9 -1.1
PRO  0.4  0.2  0.1 -0.5 -0.1 -0.1 -0.2  0.0 -0.6  0.2 -0.1 -0.1  0.3  0.1 -0.2 -0.2 -0.4 -0.5 -0.8 -1.0
MET -0.2 -0.5 -0.3 -1.0 -0.8 -0.5 -0.9 -0.6 -1.4 -0.3 -0.6 -0.9 -0.3 -0.2 -0.7 -0.5 -0.9 -1.1 -1.1 -1.3
ASP  0.4  0.6  0.0 -0.3  0.4 -0.1  0.2  0.2 -0.3  0.3 -0.2  0.4 -0.2  0.5 -0.1 -0.6 -0.5  0.0 -0.4 -0.5
ASN  0.2  0.3  0.0 -0.6  0.1 -0.2  0.0 -0.1 -0.6 -0.2 -0.3  0.1  0.0  0.1 -0.4 -0.2 -0.6 -0.4 -0.6 -0.8
LEU  0.5 -0.1  0.3 -0.5 -0.9  0.0 -1.1 -0.1 -0.9  0.4  0.1 -1.0  0.3  0.4  0.0 -0.1 -0.2 -1.2 -0.9 -1.0
LYS  0.3  0.6  0.4 -0.2  0.4  0.3  0.1  0.3 -0.3 -0.2  0.0  0.3  0.9 -0.2  0.0  0.3 -0.1  0.0 -0.4 -0.6
GLU  0.8  0.8  0.2 -0.2  0.4  0.1  0.3  0.1 -0.2  0.5  0.1  0.4 -0.2  0.8  0.1 -0.4 -0.3  0.0 -0.3 -0.5
GLN  0.2  0.2 -0.1 -0.6  0.0 -0.2 -0.2 -0.2 -0.7 -0.1 -0.4  0.0  0.0  0.1 -0.4 -0.3 -0.6 -0.4 -0.6 -0.9
ARG  0.0  0.2  0.0 -0.5  0.0 -0.1 -0.2 -0.2 -0.5 -0.6 -0.2 -0.1  0.3 -0.4 -0.3 -0.2 -0.5 -0.5 -0.7 -0.8
HIS -0.1 -0.1 -0.4 -1.0 -0.3 -0.4 -0.5 -0.4 -0.9 -0.5 -0.6 -0.2 -0.1 -0.3 -0.6 -0.5 -1.1 -0.7 -1.0 -1.2
PHE -0.1 -0.4 -0.2 -0.9 -0.9 -0.4 -1.1 -0.5 -1.1  0.0 -0.4 -1.2  0.0  0.0 -0.4 -0.5 -0.7 -1.3 -1.1 -1.3
TYR -0.2 -0.5 -0.3 -0.9 -0.8 -0.5 -0.9 -0.8 -1.1 -0.4 -0.6 -0.9 -0.4 -0.3 -0.6 -0.7 -1.0 -1.1 -0.9 -1.3
TRP -0.4 -0.7 -0.6 -1.2 -0.9 -0.7 -1.1 -1.0 -1.3 -0.5 -0.8 -1.0 -0.6 -0.5 -0.9 -0.8 -1.2 -1.3 -1.3 -1.7

     GLY  ALA  SER  CYS  VAL  THR  ILE  PRO  MET  ASP  ASN  LEU  LYS  GLU  GLN  ARG  HIS  PHE  TYR  TRP
GLY  1.2  1.0  0.6 -0.1  0.6  0.3  0.4  0.7 -0.1  0.5  0.3  0.7  0.4  0.7  0.3  0.2  0.0  0.2  0.0 -0.3
ALA  1.0  1.1  0.6 -0.1  0.2  0.4 -0.2  0.6 -0.3  0.6  0.3  0.3  0.7  0.8  0.3  0.2  0.0 -0.1 -0.2 -0.5
SER  0.6  0.6  0.3 -0.4  0.3 -0.1  0.1  0.3 -0.3  0.0  0.0  0.4  0.2  0.2 -0.2  0.0 -0.4 -0.1 -0.2 -0.6
CYS -0.1 -0.1 -0.4 -1.5 -0.6 -0.5 -0.7 -0.5 -1.1 -0.3 -0.6 -0.4 -0.3 -0.2 -0.7 -0.5 -1.0 -0.9 -0.9 -1.3
VAL  0.6  0.2  0.3 -0.6 -0.8 -0.3 -1.0  0.2 -0.8  0.4  0.1 -0.8  0.2  0.3  0.0 -0.1 -0.4 -0.9 -0.7 -0.8
THR  0.3  0.4 -0.1 -0.5 -0.3 -0.2 -0.4  0.1 -0.5 -0.2 -0.3 -0.1  0.0 -0.1 -0.3 -0.3 -0.5 -0.4 -0.5 -0.7
ILE  0.4 -0.2  0.1 -0.7 -1.0 -0.4 -1.1  0.0 -0.9  0.2 -0.1 -1.0  0.0  0.1 -0.3 -0.2 -0.5 -1.0 -0.8 -0.9
PRO  0.7  0.6  0.3 -0.5  0.2  0.1  0.0  0.2 -0.5  0.3  0.0  0.2  0.2  0.2 -0.2 -0.1 -0.4 -0.3 -0.6 -0.8
MET -0.1 -0.3 -0.3 -1.1 -0.8 -0.5 -0.9 -0.5 -1.3 -0.3 -0.6 -0.8 -0.3 -0.2 -0.7 -0.5 -1.0 -1.0 -1.0 -1.2
ASP  0.5  0.6  0.0 -0.3  0.4 -0.2  0.2  0.3 -0.3  0.1 -0.4  0.4 -0.4  0.1 -0.3 -0.7 -0.6  0.0 -0.3 -0.5
ASN  0.3  0.3  0.0 -0.6  0.1 -0.3 -0.1  0.0 -0.6 -0.4 -0.4  0.1 -0.3 -0.2 -0.6 -0.4 -0.7 -0.4 -0.6 -0.8
LEU  0.7  0.3  0.4 -0.4 -0.8 -0.1 -1.0  0.2 -0.8  0.4  0.1 -0.9  0.3  0.3  0.0  0.0 -0.2 -0.9 -0.7 -0.8
LYS  0.4  0.7  0.2 -0.3  0.2  0.0  0.0  0.2 -0.3 -0.4 -0.3  0.3  0.5 -0.7 -0.4  0.0 -0.3  0.0 -0.6 -0.6
GLU  0.7  0.8  0.2 -0.2  0.3 -0.1  0.1  0.2 -0.2  0.1 -0.2  0.3 -0.7  0.4 -0.3 -0.7 -0.5  0.0 -0.3 -0.5
GLN  0.3  0.3 -0.2 -0.7  0.0 -0.3 -0.3 -0.2 -0.7 -0.3 -0.6  0.0 -0.4 -0.3 -0.6 -0.5 -0.7 -0.5 -0.7 -1.0
ARG  0.2  0.2  0.0 -0.5 -0.1 -0.3 -0.2 -0.1 -0.5 -0.7 -0.4  0.0  0.0 -0.7 -0.5 -0.4 -0.6 -0.4 -0.8 -0.8
HIS  0.0  0.0 -0.4 -1.0 -0.4 -0.5 -0.5 -0.4 -1.0 -0.6 -0.7 -0.2 -0.3 -0.5 -0.7 -0.6 -1.2 -0.7 -1.0 -1.2
PHE  0.2 -0.1 -0.1 -0.9 -0.9 -0.4 -1.0 -0.3 -1.0  0.0 -0.4 -0.9  0.0  0.0 -0.5 -0.4 -0.7 -1.0 -0.9 -1.2
TYR  0.0 -0.2 -0.2 -0.9 -0.7 -0.5 -0.8 -0.6 -1.0 -0.3 -0.6 -0.7 -0.6 -0.3 -0.7 -0.8 -1.0 -0.9 -0.9 -1.2
TRP -0.3 -0.5 -0.6 -1.3 -0.8 -0.7 -0.9 -0.8 -1.2 -0.5 -0.8 -0.8 -0.6 -0.5 -1.0 -0.8 -1.2 -1.2 -1.2 -1.6
