    9   9   9
 1
 1
   -2.000       2.000    
    0.000       0.000    
    0.000       0.000    
   -2.000       2.000    
    0.000       10.00    
    0.000       0.000    
   0.2569       1.000    
   0.2069E-02   1.000    
    4.135       1.000    
   0.2569      -2.000    
   0.2687E-01   0.000    
    1.924       0.000    
   0.5005       1.000    
    0.000       0.000    
 1
 1
   -2.000       2.000    
    0.000       0.000    
    0.000       0.000    
   -2.000       2.000    
    0.000       10.00    
    0.000       0.000    
   0.2569      -2.000    
   0.2069E-02   1.000    
    4.135      -4.000    
   0.2569      -2.000    
   0.2687E-01  -6.000    
    1.924      -7.000    
   0.5017       1.000    
    0.000       0.000    
 1
 1
   -2.000       2.000    
    0.000       0.000    
    0.000       0.000    
   -2.000       2.000    
    0.000       10.00    
    0.000       0.000    
   0.2569      -2.000    
   0.2069E-02   1.000    
    4.135      -4.000    
   0.2569      -2.000    
   0.2687E-01  -6.000    
    1.924      -7.000    
   0.5035       1.000    
    0.000       0.000    
 1
 1
   -2.000       2.000    
    0.000       0.000    
    0.000       0.000    
   -2.000       2.000    
    0.000       10.00    
    0.000       0.000    
   0.2569      -2.000    
   0.2069E-02   1.000    
    4.135      -4.000    
   0.2569      -2.000    
   0.2687E-01  -6.000    
    1.924      -7.000    
   0.5061       1.000    
    0.000       0.000    
 1
 1
   -2.000       2.000    
    0.000       0.000    
    0.000       0.000    
   -2.000       2.000    
    0.000       10.00    
    0.000       0.000    
   0.2569      -2.000    
   0.2069E-02   1.000    
    4.135      -4.000    
   0.2569      -2.000    
   0.2687E-01  -6.000    
    1.924      -7.000    
   0.5094       1.000    
    0.000       0.000    
 1
 1
   -2.000       2.000    
    0.000       0.000    
    0.000       0.000    
   -2.000       2.000    
    0.000       10.00    
    0.000       0.000    
   0.2569      -2.000    
   0.2069E-02   1.000    
    4.135      -4.000    
   0.2569      -2.000    
   0.2687E-01  -6.000    
    1.924      -7.000    
   0.5133       1.000    
    0.000       0.000    
 1
 1
   -2.000       2.000    
    0.000       0.000    
    0.000       0.000    
   -2.000       2.000    
    0.000       10.00    
    0.000       0.000    
   0.2569      -2.000    
   0.2069E-02   1.000    
    4.135      -4.000    
   0.2569      -2.000    
   0.2687E-01  -6.000    
    1.924      -7.000    
   0.5178       1.000    
    0.000       0.000    
 1
 1
   -2.000       2.000    
    0.000       0.000    
    0.000       0.000    
   -2.000       2.000    
    0.000       10.00    
    0.000       0.000    
   0.2569      -2.000    
   0.2069E-02   1.000    
    4.135      -4.000    
   0.2569      -2.000    
   0.2687E-01  -6.000    
    1.924      -7.000    
   0.5229       1.000    
    0.000       0.000    
 1
 1
   -2.000       2.000    
    0.000       0.000    
    0.000       0.000    
   -2.000       2.000    
    0.000       10.00    
    0.000       0.000    
   0.2569      -2.000    
   0.2069E-02   1.000    
    4.135      -4.000    
   0.2569      -2.000    
   0.2687E-01  -6.000    
    1.924      -7.000    
   0.5286       1.000    
    0.000       0.000    
