    9   9   9
 1
 1
   -2.000       2.000    
    0.000       0.000    
    0.000       0.000    
   -2.000       2.000    
    0.000       10.00    
   0.1096       1.000    
   0.2852       1.000    
   0.2069E-02   1.000    
    4.025       1.000    
   0.2852      -2.000    
   0.2470E-01   1.000    
    1.080       1.000    
   0.5006       1.000    
    0.000       0.000    
 1
 1
   -2.000       2.000    
    0.000       0.000    
    0.000       0.000    
   -2.000       2.000    
    0.000       10.00    
   0.1096      -1.000    
   0.2852      -2.000    
   0.2068E-02   1.000    
    4.025      -4.000    
   0.2852      -2.000    
   0.2470E-01  -6.000    
    1.080      -7.000    
   0.5022       1.000    
    0.000       0.000    
 1
 1
   -2.000       2.000    
    0.000       0.000    
    0.000       0.000    
   -2.000       2.000    
    0.000       10.00    
   0.1096      -1.000    
   0.2852      -2.000    
   0.2066E-02   1.000    
    4.025      -4.000    
   0.2852      -2.000    
   0.2470E-01  -6.000    
    1.080      -7.000    
   0.5046       1.000    
    0.000       0.000    
 1
 1
   -2.000       2.000    
    0.000       0.000    
    0.000       0.000    
   -2.000       2.000    
    0.000       10.00    
   0.1096      -1.000    
   0.2852      -2.000    
   0.2064E-02   1.000    
    4.025      -4.000    
   0.2852      -2.000    
   0.2470E-01  -6.000    
    1.080      -7.000    
   0.5080       1.000    
    0.000       0.000    
 1
 1
   -2.000       2.000    
    0.000       0.000    
    0.000       0.000    
   -2.000       2.000    
    0.000       10.00    
   0.1096      -1.000    
   0.2852      -2.000    
   0.2061E-02   1.000    
    4.025      -4.000    
   0.2852      -2.000    
   0.2470E-01  -6.000    
    1.080      -7.000    
   0.5122       1.000    
    0.000       0.000    
 1
 1
   -2.000       2.000    
    0.000       0.000    
    0.000       0.000    
   -2.000       2.000    
    0.000       10.00    
   0.1096      -1.000    
   0.2852      -2.000    
   0.2059E-02   1.000    
    4.025      -4.000    
   0.2852      -2.000    
   0.2470E-01  -6.000    
    1.080      -7.000    
   0.5172       1.000    
    0.000       0.000    
 1
 1
   -2.000       2.000    
    0.000       0.000    
    0.000       0.000    
   -2.000       2.000    
    0.000       10.00    
   0.1096      -1.000    
   0.2852      -2.000    
   0.2057E-02   1.000    
    4.025      -4.000    
   0.2852      -2.000    
   0.2470E-01  -6.000    
    1.080      -7.000    
   0.5229       1.000    
    0.000       0.000    
 1
 1
   -2.000       2.000    
    0.000       0.000    
    0.000       0.000    
   -2.000       2.000    
    0.000       10.00    
   0.1096      -1.000    
   0.2852      -2.000    
   0.2055E-02   1.000    
    4.025      -4.000    
   0.2852      -2.000    
   0.2470E-01  -6.000    
    1.080      -7.000    
   0.5293       1.000    
    0.000       0.000    
 1
 1
   -2.000       2.000    
    0.000       0.000    
    0.000       0.000    
   -2.000       2.000    
    0.000       10.00    
   0.1096      -1.000    
   0.2852      -2.000    
   0.2054E-02   1.000    
    4.025      -4.000    
   0.2852      -2.000    
   0.2470E-01  -6.000    
    1.080      -7.000    
   0.5364       1.000    
    0.000       0.000    
