    9   9   9
 1
 1
   -2.000       2.000    
    0.000       0.000    
    0.000       0.000    
   -2.000       2.000    
    0.000       10.00    
   0.3062       1.000    
   0.3254       1.000    
   0.2067E-02   1.000    
    3.827       1.000    
   0.3254      -2.000    
   0.4679E-01   1.000    
    1.346       1.000    
   0.5009       1.000    
    0.000       0.000    
 1
 1
   -2.000       2.000    
    0.000       0.000    
    0.000       0.000    
   -2.000       2.000    
    0.000       10.00    
   0.3062      -1.000    
   0.3254      -2.000    
   0.2063E-02   1.000    
    3.827      -4.000    
   0.3254      -2.000    
   0.4679E-01  -6.000    
    1.346      -7.000    
   0.5031       1.000    
    0.000       0.000    
 1
 1
   -2.000       2.000    
    0.000       0.000    
    0.000       0.000    
   -2.000       2.000    
    0.000       10.00    
   0.3062      -1.000    
   0.3254      -2.000    
   0.2057E-02   1.000    
    3.827      -4.000    
   0.3254      -2.000    
   0.4679E-01  -6.000    
    1.346      -7.000    
   0.5065       1.000    
    0.000       0.000    
 1
 1
   -2.000       2.000    
    0.000       0.000    
    0.000       0.000    
   -2.000       2.000    
    0.000       10.00    
   0.3062      -1.000    
   0.3254      -2.000    
   0.2050E-02   1.000    
    3.827      -4.000    
   0.3254      -2.000    
   0.4679E-01  -6.000    
    1.346      -7.000    
   0.5111       1.000    
    0.000       0.000    
 1
 1
   -2.000       2.000    
    0.000       0.000    
    0.000       0.000    
   -2.000       2.000    
    0.000       10.00    
   0.3062      -1.000    
   0.3254      -2.000    
   0.2041E-02   1.000    
    3.827      -4.000    
   0.3254      -2.000    
   0.4679E-01  -6.000    
    1.346      -7.000    
   0.5167       1.000    
    0.000       0.000    
 1
 1
   -2.000       2.000    
    0.000       0.000    
    0.000       0.000    
   -2.000       2.000    
    0.000       10.00    
   0.3062      -1.000    
   0.3254      -2.000    
   0.2033E-02   1.000    
    3.827      -4.000    
   0.3254      -2.000    
   0.4679E-01  -6.000    
    1.346      -7.000    
   0.5234       1.000    
    0.000       0.000    
 1
 1
   -2.000       2.000    
    0.000       0.000    
    0.000       0.000    
   -2.000       2.000    
    0.000       10.00    
   0.3062      -1.000    
   0.3254      -2.000    
   0.2025E-02   1.000    
    3.827      -4.000    
   0.3254      -2.000    
   0.4679E-01  -6.000    
    1.346      -7.000    
   0.5310       1.000    
    0.000       0.000    
 1
 1
   -2.000       2.000    
    0.000       0.000    
    0.000       0.000    
   -2.000       2.000    
    0.000       10.00    
   0.3062      -1.000    
   0.3254      -2.000    
   0.2018E-02   1.000    
    3.827      -4.000    
   0.3254      -2.000    
   0.4679E-01  -6.000    
    1.346      -7.000    
   0.5395       1.000    
    0.000       0.000    
 1
 1
   -2.000       2.000    
    0.000       0.000    
    0.000       0.000    
   -2.000       2.000    
    0.000       10.00    
   0.3062      -1.000    
   0.3254      -2.000    
   0.2011E-02   1.000    
    3.827      -4.000    
   0.3254      -2.000    
   0.4679E-01  -6.000    
    1.346      -7.000    
   0.5488       1.000    
    0.000       0.000    
