    9   9   9
 1
 1
   -2.000       2.000    
    0.000       0.000    
    0.000       0.000    
   -2.000       2.000    
    0.000       10.00    
   0.8266       1.000    
   0.3673       1.000    
   0.2066E-02   1.000    
    3.304       1.000    
   0.3673      -2.000    
   0.1163       1.000    
    1.362       1.000    
   0.5013       1.000    
    0.000       0.000    
 1
 1
   -2.000       2.000    
    0.000       0.000    
    0.000       0.000    
   -2.000       2.000    
    0.000       10.00    
   0.8266      -1.000    
   0.3673      -2.000    
   0.2057E-02   1.000    
    3.304      -4.000    
   0.3673      -2.000    
   0.1163      -6.000    
    1.362      -7.000    
   0.5045       1.000    
    0.000       0.000    
 1
 1
   -2.000       2.000    
    0.000       0.000    
    0.000       0.000    
   -2.000       2.000    
    0.000       10.00    
   0.8266      -1.000    
   0.3673      -2.000    
   0.2046E-02   1.000    
    3.304      -4.000    
   0.3673      -2.000    
   0.1163      -6.000    
    1.362      -7.000    
   0.5096       1.000    
    0.000       0.000    
 1
 1
   -2.000       2.000    
    0.000       0.000    
    0.000       0.000    
   -2.000       2.000    
    0.000       10.00    
   0.8266      -1.000    
   0.3673      -2.000    
   0.2033E-02   1.000    
    3.304      -4.000    
   0.3673      -2.000    
   0.1163      -6.000    
    1.362      -7.000    
   0.5163       1.000    
    0.000       0.000    
 1
 1
   -2.000       2.000    
    0.000       0.000    
    0.000       0.000    
   -2.000       2.000    
    0.000       10.00    
   0.8266      -1.000    
   0.3673      -2.000    
   0.2021E-02   1.000    
    3.304      -4.000    
   0.3673      -2.000    
   0.1163      -6.000    
    1.362      -7.000    
   0.5246       1.000    
    0.000       0.000    
 1
 1
   -2.000       2.000    
    0.000       0.000    
    0.000       0.000    
   -2.000       2.000    
    0.000       10.00    
   0.8266      -1.000    
   0.3673      -2.000    
   0.2008E-02   1.000    
    3.304      -4.000    
   0.3673      -2.000    
   0.1163      -6.000    
    1.362      -7.000    
   0.5341       1.000    
    0.000       0.000    
 1
 1
   -2.000       2.000    
    0.000       0.000    
    0.000       0.000    
   -2.000       2.000    
    0.000       10.00    
   0.8266      -1.000    
   0.3673      -2.000    
   0.1996E-02   1.000    
    3.304      -4.000    
   0.3673      -2.000    
   0.1163      -6.000    
    1.362      -7.000    
   0.5447       1.000    
    0.000       0.000    
 1
 1
   -2.000       2.000    
    0.000       0.000    
    0.000       0.000    
   -2.000       2.000    
    0.000       10.00    
   0.8266      -1.000    
   0.3673      -2.000    
   0.1984E-02   1.000    
    3.304      -4.000    
   0.3673      -2.000    
   0.1163      -6.000    
    1.362      -7.000    
   0.5564       1.000    
    0.000       0.000    
 1
 1
   -2.000       2.000    
    0.000       0.000    
    0.000       0.000    
   -2.000       2.000    
    0.000       10.00    
   0.8266      -1.000    
   0.3673      -2.000    
   0.2082E-02   1.000    
    3.304      -4.000    
   0.3673      -2.000    
   0.1163      -6.000    
    1.362      -7.000    
   0.5689       1.000    
    0.000       0.000    
