    9   9   9
 1
 1
   -2.000       2.000    
    0.000       0.000    
    0.000       0.000    
   -2.000       2.000    
    0.000       10.00    
    1.126       1.000    
   0.4378       1.000    
   0.2063E-02   1.000    
    2.999       1.000    
   0.4378      -2.000    
   0.1897       1.000    
    1.574       1.000    
   0.5022       1.000    
    0.000       0.000    
 1
 1
   -2.000       2.000    
    0.000       0.000    
    0.000       0.000    
   -2.000       2.000    
    0.000       10.00    
    1.126      -1.000    
   0.4378      -2.000    
   0.2049E-02   1.000    
    2.999      -4.000    
   0.4378      -2.000    
   0.1897      -6.000    
    1.574      -7.000    
   0.5077       1.000    
    0.000       0.000    
 1
 1
   -2.000       2.000    
    0.000       0.000    
    0.000       0.000    
   -2.000       2.000    
    0.000       10.00    
    1.126      -1.000    
   0.4378      -2.000    
   0.2032E-02   1.000    
    2.999      -4.000    
   0.4378      -2.000    
   0.1897      -6.000    
    1.574      -7.000    
   0.5161       1.000    
    0.000       0.000    
 1
 1
   -2.000       2.000    
    0.000       0.000    
    0.000       0.000    
   -2.000       2.000    
    0.000       10.00    
    1.126      -1.000    
   0.4378      -2.000    
   0.2012E-02   1.000    
    2.999      -4.000    
   0.4378      -2.000    
   0.1897      -6.000    
    1.574      -7.000    
   0.5269       1.000    
    0.000       0.000    
 1
 1
   -2.000       2.000    
    0.000       0.000    
    0.000       0.000    
   -2.000       2.000    
    0.000       10.00    
    1.126      -1.000    
   0.4378      -2.000    
   0.1993E-02   1.000    
    2.999      -4.000    
   0.4378      -2.000    
   0.1897      -6.000    
    1.574      -7.000    
   0.5398       1.000    
    0.000       0.000    
 1
 1
   -2.000       2.000    
    0.000       0.000    
    0.000       0.000    
   -2.000       2.000    
    0.000       10.00    
    1.126      -1.000    
   0.4378      -2.000    
   0.1975E-02   1.000    
    2.999      -4.000    
   0.4378      -2.000    
   0.1897      -6.000    
    1.574      -7.000    
   0.5543       1.000    
    0.000       0.000    
 1
 1
   -2.000       2.000    
    0.000       0.000    
    0.000       0.000    
   -2.000       2.000    
    0.000       10.00    
    1.126      -1.000    
   0.4378      -2.000    
   0.1956E-02   1.000    
    2.999      -4.000    
   0.4378      -2.000    
   0.1897      -6.000    
    1.574      -7.000    
   0.5703       1.000    
    0.000       0.000    
 1
 1
   -2.000       2.000    
    0.000       0.000    
    0.000       0.000    
   -2.000       2.000    
    0.000       10.00    
    1.126      -1.000    
   0.4378      -2.000    
   0.1935E-02   1.000    
    2.999      -4.000    
   0.4378      -2.000    
   0.1897      -6.000    
    1.574      -7.000    
   0.5874       1.000    
    0.000       0.000    
 1
 1
   -2.000       2.000    
    0.000       0.000    
    0.000       0.000    
   -2.000       2.000    
    0.000       10.00    
    1.126      -1.000    
   0.4378      -2.000    
   0.2141E-02   1.000    
    2.999      -4.000    
   0.4378      -2.000    
   0.1897      -6.000    
    1.574      -7.000    
   0.6055       1.000    
    0.000       0.000    
