    9   9   9
 1
 1
   -2.000       2.000    
    0.000       0.000    
    0.000       0.000    
   -2.000       2.000    
    0.000       10.00    
    1.457       1.000    
   0.5110       1.000    
   0.2057E-02   1.000    
    2.654       1.000    
   0.5110      -2.000    
   0.1963       1.000    
    1.799       1.000    
   0.5037       1.000    
    0.000       0.000    
 1
 1
   -2.000       2.000    
    0.000       0.000    
    0.000       0.000    
   -2.000       2.000    
    0.000       10.00    
    1.457      -1.000    
   0.5110      -2.000    
   0.2033E-02   1.000    
    2.654      -4.000    
   0.5110      -2.000    
   0.1963      -6.000    
    1.799      -7.000    
   0.5125       1.000    
    0.000       0.000    
 1
 1
   -2.000       2.000    
    0.000       0.000    
    0.000       0.000    
   -2.000       2.000    
    0.000       10.00    
    1.457      -1.000    
   0.5110      -2.000    
   0.2002E-02   1.000    
    2.654      -4.000    
   0.5110      -2.000    
   0.1963      -6.000    
    1.799      -7.000    
   0.5255       1.000    
    0.000       0.000    
 1
 1
   -2.000       2.000    
    0.000       0.000    
    0.000       0.000    
   -2.000       2.000    
    0.000       10.00    
    1.457      -1.000    
   0.5110      -2.000    
   0.1971E-02   1.000    
    2.654      -4.000    
   0.5110      -2.000    
   0.1963      -6.000    
    1.799      -7.000    
   0.5415       1.000    
    0.000       0.000    
 1
 1
   -2.000       2.000    
    0.000       0.000    
    0.000       0.000    
   -2.000       2.000    
    0.000       10.00    
    1.457      -1.000    
   0.5110      -2.000    
   0.1940E-02   1.000    
    2.654      -4.000    
   0.5110      -2.000    
   0.1963      -6.000    
    1.799      -7.000    
   0.5600       1.000    
    0.000       0.000    
 1
 1
   -2.000       2.000    
    0.000       0.000    
    0.000       0.000    
   -2.000       2.000    
    0.000       10.00    
    1.457      -1.000    
   0.5110      -2.000    
   0.1911E-02   1.000    
    2.654      -4.000    
   0.5110      -2.000    
   0.1963      -6.000    
    1.799      -7.000    
   0.5802       1.000    
    0.000       0.000    
 1
 1
   -2.000       2.000    
    0.000       0.000    
    0.000       0.000    
   -2.000       2.000    
    0.000       10.00    
    1.457      -1.000    
   0.5110      -2.000    
   0.1881E-02   1.000    
    2.654      -4.000    
   0.5110      -2.000    
   0.1963      -6.000    
    1.799      -7.000    
   0.6018       1.000    
    0.000       0.000    
 1
 1
   -2.000       2.000    
    0.000       0.000    
    0.000       0.000    
   -2.000       2.000    
    0.000       10.00    
    1.457      -1.000    
   0.5110      -2.000    
   0.1848E-02   1.000    
    2.654      -4.000    
   0.5110      -2.000    
   0.1963      -6.000    
    1.799      -7.000    
   0.6243       1.000    
    0.000       0.000    
 1
 1
   -2.000       2.000    
    0.000       0.000    
    0.000       0.000    
   -2.000       2.000    
    0.000       10.00    
    1.457      -1.000    
   0.5110      -2.000    
   0.2169E-02   1.000    
    2.654      -4.000    
   0.5110      -2.000    
   0.1963      -6.000    
    1.799      -7.000    
   0.6475       1.000    
    0.000       0.000    
