49
47
43
51
43
46
43
46
49
44
47
51
43
55
55
50
51
45
43
51
57
46
51
48
46
49
44
46
51
44
62
47
53
62
67
47
46
47
50
50
50
49
57
56
44
53
51
44
64
65
47
46
47
50
57
45
44
59
54
58
50
53
43
45
44
50
49
65
50
53
47
46
57
54
65
54
45
52
61
63
46
63
60
60
61
60
51
64
63
45
80
44
60
66
70
75
60
72
63
52
50
61
46
54
67
66
54
47
54
48
48
64
65
44
75
44
59
58
67
62
50
50
57
60
71
52
53
63
45
46
62
61
80
44
56
59
58
73
43
62
52
59
53
74
62
70
60
67
47
60
48
61
52
75
48
49
62
67
46
57
47
51
69
52
58
53
55
55
64
46
53
47
57
71
56
71
70
51
49
75
49
53
64
61
58
56
47
44
69
48
75
68
59
56
84
66
64
56
68
52
45
45
55
54
50
69
60
58
45
84
58
77
75
80
67
61
65
71
58
51
58
48
67
65
69
80
70
54
51
59
64
76
76
54
82
56
64
61
69
43
61
64
55
62
86
59
65
60
51
45
61
63
75
50
47
52
47
61
80
72
61
58
78
56
65
63
63
58
66
57
63
59
70
54
57
76
48
66
71
44
68
70
59
74
70
65
65
76
63
63
49
52
77
63
69
69
79
77
63
65
76
61
76
52
70
81
67
56
87
69
65
73
43
44
59
67
52
55
82
73
47
60
67
95
55
76
77
72
52
74
43
63
65
53
74
70
57
70
71
53
84
53
69
82
64
58
73
64
68
65
62
56
82
58
45
76
65
64
56
52
76
64
88
77
57
71
75
53
62
63
66
85
64
73
73
72
54
87
75
68
71
67
88
94
59
52
63
86
60
69
78
75
51
62
90
52
81
59
51
78
56
86
104
62
66
74
84
79
75
63
90
55
83
80
77
56
68
77
73
83
86
63
46
86
78
55
82
61
74
80
74
67
67
90
76
88
64
71
60
94
81
60
78
103
80
71
66
66
88
80
61
68
64
69
78
64
77
54
59
67
89
93
76
61
76
52
78
91
83
89
82
79
65
48
53
79
75
68
64
85
101
68
82
74
72
91
75
81
73
79
82
67
87
88
74
82
79
75
65
65
77
63
67
84
73
85
65
70
66
75
75
80
69
95
56
70
64
72
71
76
79
88
47
72
71
68
74
88
79
67
71
69
60
85
97
64
54
77
78
80
80
66
78
82
74
79
58
85
61
93
81
74
67
70
89
84
56
90
66
96
73
68
71
74
81
85
79
67
82
88
84
57
72
61
76
84
77
74
96
108
84
73
85
82
78
88
73
66
90
75
54
77
87
71
70
77
72
71
72
69
