    1    hard
  52
 31   -99.277   -22.739     3.920
 32   -99.941   -26.482     3.920
 33  -101.132   -26.405     7.530
 34  -103.513   -23.527     6.822
 35  -105.004   -25.322     3.821
 36  -105.577   -28.495     5.836
 37  -107.319   -26.574     8.616
 38  -109.623   -24.828     6.147
 39  -110.587   -28.122     4.512
 40  -111.397   -29.706     7.872
 41  -113.594   -26.770     8.876
 42  -115.522   -26.922     5.602
 43  -116.145   -30.653     5.989
 44  -117.435   -30.205     9.537
 45  -119.827   -27.452     8.462
 46  -121.216   -29.581     5.634
 72  -208.176   -46.756     6.492
 73  -208.840   -50.499     6.492
 74  -210.031   -50.422    10.102
 75  -212.412   -47.544     9.394
 76  -213.903   -49.339     6.393
 77  -214.476   -52.512     8.408
 78  -216.218   -50.591    11.188
 79  -218.522   -48.845     8.719
 80  -219.486   -52.139     7.084
 81  -220.296   -53.723    10.444
 82  -222.493   -50.787    11.448
 83  -224.421   -50.939     8.174
 84  -225.044   -54.670     8.561
 85  -226.334   -54.222    12.109
 86  -228.726   -51.469    11.034
 87  -230.115   -53.598     8.206
 88  -230.708   -56.543    10.536
 89  -232.546   -54.358    13.047
111  -306.427   -68.486    12.048
112  -307.091   -72.229    12.048
113  -308.282   -72.152    15.658
114  -310.663   -69.274    14.950
115  -312.154   -71.069    11.949
116  -312.727   -74.242    13.964
117  -314.469   -72.321    16.744
118  -316.773   -70.575    14.275
119  -317.737   -73.869    12.640
120  -318.547   -75.453    16.000
121  -320.744   -72.517    17.004
122  -322.672   -72.669    13.730
123  -323.295   -76.400    14.117
124  -324.585   -75.952    17.665
125  -326.977   -73.199    16.590
126  -328.366   -75.328    13.762
127  -328.959   -78.273    16.092
128  -330.797   -76.088    18.603