'#(1)header    (2)TM of best model    (3)fraction of residues with identical secondary structure assignment. The methods are seqdat2ss.py and pdb2ss.py    (4)(5)(6) fraction of C,H,E for seqdat2ss.py   (7)(8)( fraction of C,H,E for pdb2ss.py
#  1    2    3   4     5    6    7    8    9
1fs1A 0.44 0.88 0.34 0.66 0.00 0.46 0.54 0.00
1k1vA 0.46 0.83 0.27 0.73 0.00 0.39 0.61 0.00
1jjsA 0.32 0.74 0.26 0.74 0.00 0.52 0.48 0.00
1olgA 0.42 0.88 0.50 0.36 0.14 0.38 0.48 0.14
1b01A 0.51 0.79 0.37 0.49 0.14 0.26 0.58 0.16
1h1jS 0.53 0.80 0.32 0.68 0.00 0.48 0.52 0.00
1bh8A 0.54 0.98 0.29 0.71 0.00 0.31 0.69 0.00
1dv0A 0.74 0.84 0.40 0.60 0.00 0.38 0.62 0.00
1e0eA 0.38 0.65 0.37 0.63 0.00 0.46 0.54 0.00
1pv0A 0.51 0.78 0.26 0.74 0.00 0.48 0.52 0.00
1r2aA 0.46 0.85 0.33 0.67 0.00 0.35 0.59 0.07
1v92A 0.57 0.57 0.54 0.37 0.09 0.33 0.67 0.00
1h3oA 0.45 0.94 0.27 0.73 0.00 0.29 0.71 0.00
1ufiA 0.52 0.90 0.31 0.69 0.00 0.29 0.71 0.00
1akhA 0.81 0.80 0.37 0.63 0.00 0.33 0.67 0.00
1ifyA 0.70 0.86 0.31 0.69 0.00 0.41 0.59 0.00
1nd9A 0.31 0.80 0.41 0.59 0.00 0.53 0.47 0.00
1otrA 0.33 0.57 0.47 0.22 0.31 0.39 0.61 0.00
1ixsA 0.77 0.84 0.26 0.74 0.00 0.34 0.66 0.00
1oksA 0.53 0.60 0.28 0.72 0.00 0.64 0.36 0.00
1hcrA 0.58 0.90 0.46 0.54 0.00 0.56 0.44 0.00
1mn3A 0.31 0.88 0.27 0.73 0.00 0.31 0.69 0.00
1q02A 0.58 0.87 0.38 0.62 0.00 0.52 0.48 0.00
1arqA 0.42 0.79 0.47 0.53 0.00 0.38 0.47 0.15
1r4gA 0.75 0.89 0.28 0.72 0.00 0.32 0.68 0.00
1jjrA 0.68 0.94 0.43 0.57 0.00 0.48 0.52 0.00
1pd3A 0.51 0.85 0.09 0.91 0.00 0.24 0.76 0.00
1dp3A 0.50 0.75 0.25 0.65 0.09 0.51 0.49 0.00
1ef4A 0.53 0.87 0.44 0.55 0.02 0.53 0.47 0.00
1lx8A 0.34 0.71 0.60 0.29 0.11 0.65 0.24 0.11
1bw6A 0.57 0.88 0.43 0.57 0.00 0.52 0.48 0.00
1e52A 0.64 0.86 0.27 0.73 0.00 0.27 0.73 0.00
1kftA 0.67 0.89 0.41 0.59 0.00 0.52 0.48 0.00
1r1bA 0.54 0.86 0.36 0.64 0.00 0.46 0.54 0.00
1j75A 0.67 0.88 0.42 0.58 0.00 0.51 0.49 0.00
1vf6A 0.39 0.91 0.16 0.84 0.00 0.24 0.76 0.00
1fexA 0.64 0.78 0.32 0.68 0.00 0.44 0.56 0.00
1avoA 0.32 0.80 0.28 0.72 0.00 0.35 0.60 0.05
1gyzA 0.57 0.88 0.23 0.77 0.00 0.28 0.72 0.00
1ng7A 0.36 0.82 0.57 0.30 0.13 0.75 0.25 0.00
1pzqA 0.34 0.85 0.57 0.43 0.00 0.48 0.52 0.00
1pzrA 0.30 0.90 0.33 0.67 0.00 0.33 0.62 0.05
1rsoA 0.47 0.82 0.20 0.80 0.00 0.35 0.65 0.00
1umqA 0.65 0.88 0.43 0.57 0.00 0.52 0.48 0.00
1dulA 0.53 0.66 0.38 0.62 0.00 0.62 0.38 0.00
1g2hA 0.48 0.89 0.39 0.61 0.00 0.48 0.52 0.00
1i2tA 0.66 0.82 0.18 0.82 0.00 0.26 0.74 0.00
1ku3A 0.63 0.79 0.38 0.62 0.00 0.43 0.57 0.00
1cjgA 0.64 0.84 0.40 0.60 0.00 0.47 0.48 0.05
1jniA 0.27 0.82 0.89 0.05 0.06 0.94 0.06 0.00
1oyiA 0.53 0.73 0.40 0.50 0.10 0.48 0.47 0.05
1a0aA 0.38 0.84 0.22 0.78 0.00 0.38 0.62 0.00
1je8A 0.61 0.73 0.32 0.68 0.00 0.59 0.41 0.00
1jfiA 0.35 0.84 0.21 0.79 0.00 0.37 0.63 0.00
1irzA 0.59 0.86 0.42 0.56 0.02 0.44 0.52 0.05
1k1fA 0.31 0.81 0.25 0.75 0.00 0.31 0.69 0.00
1an4A 0.37 0.86 0.29 0.71 0.00 0.43 0.57 0.00
1no1A 0.54 0.83 0.34 0.66 0.00 0.48 0.52 0.00
1copD 0.52 0.82 0.56 0.33 0.11 0.47 0.30 0.23
1mntA 0.35 0.88 0.47 0.50 0.03 0.44 0.52 0.05
1b8zA 0.38 0.79 0.33 0.52 0.15 0.33 0.51 0.16
1cf7A 0.55 0.81 0.39 0.60 0.01 0.52 0.48 0.00
1fseA 0.66 0.88 0.36 0.64 0.00 0.39 0.57 0.04
1joyA 0.37 0.78 0.10 0.90 0.00 0.24 0.76 0.00
1qqvA 0.33 0.69 0.45 0.55 0.00 0.64 0.30 0.06
1tbaA 0.29 0.85 0.63 0.33 0.04 0.60 0.36 0.04
1c7vA 0.46 0.84 0.37 0.60 0.03 0.53 0.47 0.00
1cokA 0.69 0.71 0.25 0.75 0.00 0.51 0.49 0.00
1ehjA 0.37 0.76 0.76 0.16 0.07 0.74 0.26 0.00
1j9iA 0.45 0.74 0.29 0.68 0.03 0.49 0.47 0.04
1mdyA 0.40 0.93 0.29 0.71 0.00 0.31 0.69 0.00
1tafA 0.50 0.94 0.26 0.74 0.00 0.29 0.71 0.00
1doqA 0.64 0.84 0.42 0.58 0.00 0.55 0.45 0.00
1dpuA 0.68 0.91 0.54 0.45 0.01 0.59 0.41 0.00
1go5A 0.63 0.87 0.42 0.58 0.00 0.43 0.51 0.06
1l6hA 0.49 0.70 0.55 0.45 0.00 0.39 0.61 0.00
1qpmA 0.66 0.83 0.58 0.36 0.06 0.46 0.38 0.16
1rykA 0.57 0.74 0.23 0.77 0.00 0.43 0.57 0.00
1uzcA 0.61 0.81 0.42 0.58 0.00 0.35 0.57 0.09
1b22A 0.42 0.86 0.41 0.59 0.00 0.47 0.53 0.00
1e68A 0.53 0.77 0.33 0.67 0.00 0.39 0.61 0.00
1daqA 0.31 0.92 0.66 0.32 0.01 0.63 0.32 0.04
1b0xA 0.79 0.88 0.35 0.65 0.00 0.44 0.56 0.00
1eijA 0.40 0.76 0.29 0.71 0.00 0.44 0.56 0.00
1jw2A 0.59 0.81 0.31 0.69 0.00 0.39 0.61 0.00
1bo9A 0.68 0.89 0.26 0.74 0.00 0.34 0.66 0.00
1h8bA 0.54 0.88 0.47 0.53 0.00 0.49 0.47 0.04
1hryA 0.45 0.92 0.32 0.68 0.00 0.40 0.60 0.00
1i27A 0.52 0.79 0.41 0.53 0.05 0.55 0.37 0.08
1e7jA 0.42 0.86 0.36 0.64 0.00 0.28 0.68 0.04
1l9lA 0.81 0.81 0.27 0.73 0.00 0.38 0.62 0.00
1lddA 0.46 0.86 0.35 0.54 0.11 0.46 0.50 0.04
1sknP 0.34 0.86 0.32 0.68 0.00 0.32 0.68 0.00
1ucrA 0.70 0.78 0.45 0.43 0.12 0.45 0.46 0.09
1h3lA 0.75 0.87 0.20 0.80 0.00 0.28 0.72 0.00
1iieA 0.32 0.84 0.44 0.56 0.00 0.44 0.52 0.04
1bg8A 0.49 0.72 0.55 0.42 0.03 0.43 0.57 0.00
1dp7P 0.61 0.62 0.49 0.32 0.20 0.41 0.37 0.22
1du2A 0.23 0.62 0.36 0.64 0.00 0.71 0.29 0.00
1ji7A 0.69 0.95 0.53 0.47 0.00 0.55 0.45 0.00
1n8lA 0.25 0.68 0.37 0.62 0.01 0.66 0.34 0.00
1p94A 0.34 0.78 0.55 0.39 0.05 0.51 0.39 0.09
1qgpA 0.64 0.75 0.50 0.45 0.05 0.47 0.49 0.04
1eo0A 0.37 0.91 0.29 0.71 0.00 0.30 0.70 0.00
1eoqA 0.68 0.92 0.38 0.62 0.00 0.45 0.55 0.00
1of9A 0.55 0.77 0.17 0.83 0.00 0.38 0.62 0.00
1oqpA 0.63 0.91 0.47 0.52 0.01 0.51 0.49 0.00
1j0tA 0.66 0.85 0.33 0.67 0.00 0.44 0.56 0.00
1n69A 0.51 0.91 0.18 0.82 0.00 0.24 0.76 0.00
1fafA 0.68 0.89 0.38 0.62 0.00 0.42 0.54 0.04
1am9A 0.43 0.96 0.21 0.79 0.00 0.20 0.80 0.00
1dv5A 0.52 0.74 0.35 0.65 0.00 0.49 0.47 0.04
1r6rA 0.30 0.80 0.28 0.72 0.00 0.38 0.62 0.00
1d8bA 0.57 0.88 0.37 0.63 0.00 0.37 0.63 0.00
1d8jA 0.67 0.79 0.54 0.42 0.04 0.51 0.44 0.05
1fi5A 0.57 0.81 0.41 0.57 0.02 0.57 0.43 0.00
1kdxA 0.74 0.83 0.25 0.75 0.00 0.32 0.68 0.00
1ud0A 0.40 0.85 0.38 0.62 0.00 0.31 0.69 0.00
1urfA 0.66 0.89 0.22 0.78 0.00 0.28 0.72 0.00
1p6rA 0.72 0.80 0.43 0.46 0.11 0.50 0.40 0.10
1iioA 0.59 0.86 0.51 0.45 0.04 0.56 0.39 0.05
1l8yA 0.41 0.83 0.33 0.67 0.00 0.29 0.71 0.00
1m12A 0.69 0.90 0.29 0.71 0.00 0.38 0.62 0.00
1irjA 0.66 0.84 0.35 0.62 0.02 0.42 0.58 0.00
1k5oA 0.32 0.82 0.35 0.60 0.05 0.48 0.52 0.00
1nmrA 0.49 0.84 0.24 0.76 0.00 0.38 0.62 0.00
1q1hA 0.60 0.87 0.32 0.52 0.16 0.40 0.48 0.12
1uqvA 0.64 0.91 0.45 0.55 0.00 0.49 0.51 0.00
1an2A 0.41 0.94 0.19 0.81 0.00 0.24 0.76 0.00
1cnoA 0.68 0.92 0.49 0.51 0.00 0.50 0.50 0.00
1j7qA 0.51 0.70 0.40 0.60 0.00 0.36 0.51 0.13
2lefA 0.57 0.95 0.42 0.58 0.00 0.47 0.53 0.00
1gvnA 0.69 0.84 0.24 0.76 0.00 0.33 0.67 0.00
1ichA 0.70 0.89 0.29 0.71 0.00 0.36 0.64 0.00
1m1pA 0.28 0.64 0.78 0.20 0.02 0.68 0.29 0.03
1m62A 0.67 0.94 0.28 0.72 0.00 0.31 0.69 0.00
1n1jA 0.44 0.92 0.25 0.75 0.00 0.33 0.67 0.00
1p4wA 0.60 0.91 0.39 0.61 0.00 0.46 0.54 0.00
1fbqA 0.38 0.83 0.53 0.34 0.12 0.59 0.33 0.08
1iurA 0.60 0.86 0.41 0.59 0.00 0.43 0.52 0.05
1ycqA 0.62 0.69 0.43 0.53 0.03 0.56 0.40 0.05
1dgnA 0.52 0.81 0.21 0.79 0.00 0.31 0.69 0.00
1f36A 0.40 0.75 0.33 0.67 0.00 0.37 0.53 0.10
1hbkA 0.70 0.92 0.36 0.64 0.00 0.44 0.56 0.00
1lliA 0.56 0.85 0.30 0.70 0.00 0.45 0.55 0.00
1qckA 0.51 0.88 0.34 0.66 0.00 0.46 0.54 0.00
1s29A 0.64 0.72 0.38 0.53 0.09 0.60 0.40 0.00
1a03A 0.56 0.87 0.30 0.68 0.02 0.39 0.61 0.00
1g8qA 0.53 0.88 0.42 0.58 0.00 0.43 0.57 0.00
1jr5A 0.30 0.78 0.17 0.83 0.00 0.39 0.61 0.00
1mr8A 0.67 0.82 0.30 0.68 0.02 0.39 0.61 0.00
1ecmA 0.46 0.95 0.20 0.80 0.00 0.19 0.81 0.00
1f6vA 0.36 0.69 0.26 0.74 0.00 0.55 0.45 0.00
1k99A 0.38 0.97 0.42 0.58 0.00 0.43 0.57 0.00
1ntcA 0.32 0.81 0.37 0.63 0.00 0.36 0.55 0.09
1ucpA 0.70 0.88 0.31 0.69 0.00 0.32 0.65 0.03
1a4pA 0.63 0.85 0.28 0.70 0.02 0.37 0.63 0.00
1aueA 0.55 0.89 0.23 0.77 0.00 0.23 0.77 0.00
1ifwA 0.51 0.89 0.37 0.63 0.00 0.43 0.57 0.00
1iuyA 0.54 0.71 0.33 0.64 0.03 0.49 0.41 0.10
1j1vA 0.55 0.79 0.28 0.72 0.00 0.38 0.62 0.00
1cg7A 0.63 0.80 0.40 0.60 0.00 0.24 0.60 0.16
1gjjA 0.37 0.83 0.45 0.55 0.00 0.45 0.52 0.03
1pn5A 0.59 0.81 0.31 0.69 0.00 0.46 0.54 0.00
1v31A 0.49 0.83 0.57 0.41 0.02 0.57 0.33 0.10
1d5vA 0.53 0.68 0.62 0.35 0.03 0.53 0.37 0.10
1fshA 0.55 0.80 0.47 0.34 0.19 0.63 0.34 0.03
1ny9A 0.36 0.83 0.29 0.71 0.00 0.31 0.69 0.00
1q08A 0.30 0.93 0.31 0.69 0.00 0.34 0.66 0.00
1bjaA 0.41 0.71 0.25 0.72 0.03 0.40 0.57 0.03
1fadA 0.53 0.91 0.25 0.75 0.00 0.35 0.65 0.00
1mn8A 0.51 0.72 0.56 0.35 0.09 0.48 0.52 0.00
1om2A 0.53 0.85 0.31 0.69 0.00 0.31 0.66 0.03
1ihfA 0.37 0.85 0.42 0.41 0.18 0.35 0.38 0.27
1vh6A 0.40 0.64 0.12 0.88 0.00 0.36 0.64 0.00
1c15A 0.60 0.88 0.28 0.72 0.00 0.32 0.68 0.00
1hs7A 0.61 0.87 0.30 0.70 0.00 0.21 0.79 0.00
1aoiA 0.42 0.86 0.41 0.58 0.01 0.35 0.62 0.03
1g8eA 0.30 0.79 0.24 0.71 0.04 0.44 0.56 0.00
1smtA 0.51 0.88 0.32 0.61 0.07 0.36 0.56 0.08
1h7cA 0.34 0.77 0.21 0.75 0.04 0.26 0.74 0.00
1qjtA 0.59 0.80 0.45 0.55 0.00 0.54 0.46 0.00
1fzpD 0.27 0.60 0.29 0.65 0.06 0.21 0.79 0.00
1ka8A 0.44 0.67 0.47 0.41 0.12 0.60 0.34 0.06
1l8rA 0.41 0.73 0.37 0.41 0.22 0.50 0.35 0.15
1psrA 0.63 0.82 0.35 0.63 0.02 0.45 0.55 0.00
1ub9A 0.52 0.87 0.27 0.60 0.13 0.36 0.54 0.10
1jhgA 0.41 0.78 0.26 0.74 0.00 0.30 0.70 0.00
1s7zA 0.33 0.64 0.41 0.59 0.00 0.58 0.42 0.00
1b79A 0.39 0.83 0.30 0.70 0.00 0.41 0.59 0.00
1e2aA 0.50 0.85 0.15 0.80 0.05 0.13 0.83 0.04
1kkxA 0.58 0.79 0.33 0.67 0.00 0.50 0.50 0.00
1l3pA 0.59 0.83 0.39 0.61 0.00 0.32 0.68 0.00
1qsdA 0.49 0.97 0.16 0.84 0.00 0.19 0.81 0.00
3caoA 0.29 0.75 0.80 0.20 0.00 0.75 0.25 0.00
1b0nA 0.54 0.90 0.33 0.67 0.00 0.43 0.57 0.00
1fxkA 0.33 0.72 0.16 0.81 0.04 0.31 0.61 0.08
1cmaA 0.28 0.72 0.39 0.61 0.00 0.59 0.35 0.07
1mhlA 0.21 0.83 0.70 0.29 0.01 0.72 0.18 0.10
1nlxA 0.45 0.85 0.31 0.69 0.00 0.25 0.75 0.00
1qqiA 0.62 0.76 0.44 0.28 0.28 0.54 0.33 0.13
1if1A 0.50 0.74 0.55 0.31 0.13 0.64 0.30 0.06
1jr8A 0.58 0.83 0.31 0.69 0.00 0.33 0.63 0.04
1a75A 0.55 0.87 0.43 0.56 0.01 0.57 0.43 0.00
1g7dA 0.51 0.89 0.29 0.71 0.00 0.35 0.65 0.00
1jbgA 0.35 0.92 0.31 0.67 0.02 0.38 0.59 0.03
1lvfA 0.46 0.96 0.20 0.80 0.00 0.22 0.78 0.00
1qb2A 0.47 0.80 0.36 0.64 0.00 0.35 0.65 0.00
256bA 0.66 0.96 0.24 0.76 0.00 0.27 0.73 0.00
1ig6A 0.44 0.86 0.45 0.54 0.01 0.44 0.56 0.00
1q6aA 0.59 0.94 0.25 0.75 0.00 0.27 0.73 0.00
2spcA 0.31 0.86 0.17 0.83 0.00 0.12 0.88 0.00
1c3yA 0.43 0.72 0.36 0.64 0.00 0.45 0.49 0.06
1h67A 0.65 0.91 0.38 0.62 0.00 0.44 0.56 0.00
1hulA 0.50 0.80 0.26 0.70 0.04 0.33 0.62 0.05
1hxiA 0.47 0.92 0.42 0.58 0.00 0.44 0.56 0.00
1awcA 0.52 0.71 0.45 0.41 0.14 0.56 0.44 0.00
1e6iA 0.54 0.87 0.39 0.61 0.00 0.52 0.48 0.00
1iq3A 0.55 0.85 0.51 0.48 0.01 0.59 0.37 0.04
1kr7A 0.60 0.84 0.31 0.69 0.00 0.38 0.62 0.00
1d4uA 0.29 0.77 0.57 0.41 0.03 0.65 0.29 0.06
1hssA 0.68 0.79 0.55 0.44 0.01 0.54 0.46 0.00
1mp1A 0.56 0.77 0.41 0.59 0.00 0.38 0.52 0.10
1p8cA 0.36 0.92 0.23 0.77 0.00 0.29 0.71 0.00
1dw0A 0.50 0.80 0.51 0.49 0.00 0.60 0.38 0.03
1k19A 0.44 0.87 0.38 0.62 0.00 0.44 0.56 0.00
1nzeA 0.51 0.89 0.17 0.83 0.00 0.17 0.79 0.04
1o3xA 0.68 0.88 0.23 0.77 0.00 0.19 0.81 0.00
1ga3A 0.35 0.88 0.46 0.49 0.05 0.56 0.44 0.00
1hekA 0.35 0.85 0.45 0.54 0.01 0.48 0.52 0.00
1ecwA 0.52 0.76 0.42 0.58 0.00 0.45 0.55 0.00
1enwA 0.50 0.78 0.45 0.55 0.00 0.47 0.53 0.00
1gh6A 0.49 0.78 0.51 0.49 0.00 0.46 0.44 0.10
1pp7U 0.29 0.58 0.59 0.34 0.07 0.49 0.39 0.11
1hy5A 0.25 0.64 0.20 0.80 0.00 0.50 0.50 0.00
1klpA 0.51 0.82 0.46 0.54 0.00 0.59 0.38 0.03
1q5vA 0.37 0.83 0.25 0.37 0.37 0.37 0.34 0.29
1dlwA 0.50 0.88 0.29 0.71 0.00 0.41 0.59 0.00
1b1uA 0.64 0.86 0.62 0.38 0.00 0.58 0.39 0.03
1elwA 0.47 0.89 0.21 0.79 0.00 0.26 0.74 0.00
1r5rA 0.53 0.85 0.36 0.63 0.01 0.47 0.53 0.00
1orgA 0.55 0.92 0.33 0.67 0.00 0.40 0.60 0.00
1fc3A 0.40 0.77 0.25 0.75 0.00 0.36 0.64 0.00
1nxhA 0.38 0.74 0.20 0.80 0.00 0.38 0.62 0.00
1o3uA 0.60 0.86 0.27 0.73 0.00 0.29 0.71 0.00
1bm9A 0.36 0.64 0.16 0.84 0.00 0.37 0.52 0.12
1br0A 0.41 0.94 0.16 0.84 0.00 0.17 0.83 0.00
1csgA 0.53 0.81 0.43 0.57 0.00 0.47 0.44 0.09
1okrA 0.42 0.88 0.33 0.62 0.06 0.37 0.56 0.07
1v3fA 0.49 0.69 0.57 0.43 0.00 0.62 0.27 0.12
1d9cA 0.41 0.83 0.26 0.73 0.01 0.40 0.60 0.00
3inkC 0.32 0.80 0.36 0.60 0.03 0.38 0.59 0.03
1a2aA 0.45 0.78 0.57 0.37 0.07 0.54 0.39 0.07
1fazA 0.44 0.81 0.50 0.50 0.00 0.41 0.59 0.00
1q05A 0.39 0.89 0.34 0.65 0.02 0.34 0.61 0.05
1mwbA 0.47 0.86 0.29 0.71 0.00 0.30 0.70 0.00
1pdnC 0.40 0.85 0.54 0.46 0.00 0.56 0.41 0.02
1e8eA 0.31 0.81 0.51 0.49 0.00 0.61 0.39 0.00
1i5nA 0.42 0.82 0.19 0.81 0.00 0.34 0.66 0.00
1oofA 0.57 0.85 0.35 0.65 0.00 0.50 0.50 0.00
1a7vA 0.63 0.91 0.26 0.74 0.00 0.33 0.67 0.00
1hkqA 0.41 0.75 0.34 0.37 0.29 0.46 0.39 0.14
1ijxA 0.47 0.89 0.62 0.38 0.00 0.60 0.35 0.05
1psyA 0.48 0.72 0.57 0.43 0.00 0.47 0.42 0.10
1orjA 0.50 0.87 0.18 0.82 0.00 0.30 0.70 0.00
1idrA 0.64 0.85 0.33 0.67 0.00 0.42 0.58 0.00
1c20A 0.39 0.81 0.45 0.54 0.01 0.39 0.59 0.02
1dd3A 0.32 0.73 0.43 0.50 0.07 0.35 0.59 0.06
1elrA 0.57 0.85 0.18 0.82 0.00 0.23 0.77 0.00
1jogA 0.41 0.83 0.28 0.72 0.00 0.40 0.60 0.00
1au7A 0.33 0.76 0.43 0.55 0.02 0.32 0.65 0.03
1n3kA 0.35 0.79 0.42 0.58 0.00 0.50 0.50 0.00
1on1A 0.39 0.90 0.26 0.72 0.02 0.32 0.68 0.00
1pa7A 0.43 0.84 0.50 0.43 0.07 0.55 0.42 0.02
1bbhA 0.48 0.92 0.29 0.71 0.00 0.31 0.69 0.00
1eyvA 0.45 0.83 0.23 0.77 0.00 0.32 0.68 0.00
1khyA 0.39 0.83 0.28 0.72 0.00 0.45 0.55 0.00
1b4uA 0.27 0.86 0.31 0.69 0.00 0.45 0.55 0.00
1q8cA 0.46 0.73 0.21 0.79 0.00 0.42 0.58 0.00
1exzA 0.43 0.77 0.39 0.61 0.00 0.50 0.44 0.05
1fqiA 0.43 0.68 0.32 0.68 0.00 0.52 0.45 0.03
1iygA 0.48 0.89 0.28 0.72 0.00 0.30 0.70 0.00
1klxA 0.40 0.89 0.33 0.67 0.00 0.36 0.64 0.00
1mzbA 0.37 0.84 0.37 0.41 0.23 0.42 0.38 0.20
1eteA 0.39 0.64 0.35 0.54 0.10 0.51 0.40 0.09
1g03A 0.38 0.90 0.43 0.57 0.00 0.46 0.54 0.00
1jfjA 0.40 0.85 0.34 0.62 0.04 0.46 0.54 0.00
1e29A 0.48 0.81 0.56 0.37 0.07 0.61 0.33 0.06
1he1A 0.33 0.86 0.24 0.76 0.00 0.31 0.69 0.00
1vhbA 0.35 0.87 0.14 0.86 0.00 0.27 0.73 0.00
1s3jA 0.34 0.73 0.24 0.70 0.06 0.46 0.49 0.06
1dqeA 0.57 0.84 0.31 0.67 0.01 0.45 0.55 0.00
1ew6A 0.45 0.81 0.28 0.72 0.00 0.35 0.65 0.00
1gakA 0.46 0.90 0.27 0.73 0.00 0.36 0.64 0.00
1lnwA 0.46 0.82 0.28 0.66 0.06 0.45 0.52 0.04
1jgsA 0.39 0.82 0.24 0.70 0.06 0.35 0.58 0.07
1ey1A 0.43 0.85 0.27 0.73 0.00 0.40 0.60 0.00
1jwfA 0.49 0.94 0.31 0.69 0.00 0.36 0.64 0.00
1b1bA 0.54 0.88 0.36 0.60 0.04 0.47 0.53 0.00
1i1gA 0.35 0.80 0.27 0.45 0.28 0.44 0.36 0.19
1a00A 0.37 0.87 0.28 0.72 0.00 0.33 0.67 0.00
1ithA 0.59 0.87 0.20 0.80 0.00 0.30 0.70 0.00
1j30A 0.41 0.86 0.12 0.88 0.00 0.23 0.77 0.00
1puoA 0.41 0.87 0.30 0.70 0.00 0.33 0.67 0.00
1k04A 0.44 0.92 0.23 0.77 0.00 0.26 0.74 0.00
1k6kA 0.50 0.90 0.34 0.66 0.00 0.39 0.58 0.02
1m4rA 0.35 0.69 0.39 0.56 0.05 0.35 0.63 0.02
1qgtC 0.32 0.77 0.45 0.55 0.00 0.37 0.60 0.03
1binA 0.42 0.87 0.20 0.80 0.00 0.30 0.68 0.02
1eduA 0.42 0.78 0.31 0.67 0.01 0.46 0.52 0.02
1bz4A 0.34 0.84 0.09 0.91 0.00 0.21 0.79 0.00
1g9lA 0.25 0.86 0.56 0.44 0.00 0.65 0.35 0.00
1iufA 0.31 0.90 0.46 0.54 0.00 0.53 0.47 0.00
1ji4A 0.49 0.92 0.22 0.78 0.00 0.25 0.73 0.02
1lj9A 0.43 0.85 0.24 0.71 0.06 0.31 0.62 0.06
1ngnA 0.58 0.84 0.36 0.63 0.01 0.51 0.49 0.00
1hbiA 0.45 0.83 0.21 0.79 0.00 0.32 0.68 0.00
1q5zA 0.30 0.86 0.44 0.56 0.00 0.49 0.51 0.00
1r4vA 0.33 0.73 0.26 0.74 0.00 0.50 0.50 0.00
1b4aA 0.32 0.85 0.34 0.49 0.18 0.42 0.42 0.16
1ku9A 0.30 0.78 0.27 0.71 0.03 0.34 0.59 0.07
1ri7A 0.31 0.82 0.34 0.42 0.25 0.50 0.32 0.18
1dk8A 0.33 0.80 0.31 0.69 0.00 0.38 0.60 0.02
1h97A 0.40 0.83 0.24 0.76 0.00 0.32 0.68 0.00
1i4sA 0.36 0.84 0.30 0.70 0.00 0.42 0.58 0.00
1oj6A 0.37 0.85 0.18 0.82 0.00 0.31 0.69 0.00
1hmcA 0.35 0.67 0.24 0.76 0.00 0.45 0.47 0.07
1ng6A 0.37 0.90 0.21 0.79 0.00 0.31 0.69 0.00
1rj1A 0.46 0.87 0.20 0.80 0.00 0.24 0.76 0.00
1dvkA 0.36 0.82 0.24 0.76 0.00 0.38 0.60 0.02
1f5oA 0.47 0.83 0.32 0.66 0.02 0.32 0.68 0.00
1qghA 0.45 0.91 0.23 0.76 0.01 0.27 0.71 0.02
1afvA 0.33 0.83 0.41 0.59 0.00 0.48 0.52 0.00
1dvoA 0.28 0.82 0.26 0.71 0.03 0.37 0.61 0.02
1dw9A 0.27 0.74 0.42 0.45 0.12 0.53 0.32 0.15
1rw2A 0.33 0.88 0.46 0.53 0.01 0.49 0.49 0.03
1elkA 0.52 0.89 0.34 0.66 0.00 0.40 0.58 0.02
1n1fA 0.44 0.81 0.30 0.69 0.01 0.39 0.59 0.02
1ffuA 0.55 0.79 0.44 0.40 0.16 0.60 0.31 0.09
1owaA 0.34 0.74 0.15 0.85 0.00 0.22 0.71 0.07
1paqA 0.46 0.78 0.18 0.82 0.00 0.37 0.63 0.00
1en7A 0.22 0.79 0.54 0.42 0.04 0.51 0.46 0.03
1aa7A 0.36 0.85 0.33 0.67 0.00 0.39 0.61 0.00
1bcfA 0.40 0.91 0.23 0.77 0.00 0.23 0.74 0.03
1dpsA 0.48 0.91 0.28 0.72 0.00 0.30 0.67 0.03
1p5sA 0.45 0.86 0.42 0.58 0.00 0.47 0.50 0.04
1allA 0.53 0.91 0.19 0.81 0.00 0.28 0.72 0.00
1cgmE 0.28 0.82 0.47 0.47 0.06 0.56 0.42 0.03
1q9cA 0.33 0.79 0.41 0.56 0.03 0.40 0.58 0.02
1eumA 0.43 0.93 0.20 0.79 0.01 0.19 0.77 0.04
1rfzA 0.41 0.81 0.27 0.71 0.02 0.35 0.65 0.00
1cpcA 0.39 0.89 0.21 0.79 0.00 0.28 0.72 0.00
1f1mA 0.36 0.85 0.22 0.78 0.00 0.32 0.65 0.02
1evsA 0.36 0.80 0.29 0.71 0.00 0.34 0.66 0.00
1b8dA 0.38 0.87 0.23 0.77 0.00 0.32 0.68 0.00
1f4oA 0.35 0.88 0.33 0.61 0.06 0.43 0.55 0.02
1au1A 0.52 0.90 0.33 0.67 0.00 0.34 0.66 0.00
1buyA 0.39 0.90 0.40 0.59 0.01 0.40 0.55 0.05
1c02A 0.43 0.81 0.31 0.69 0.00 0.41 0.59 0.00
1eq1A 0.40 0.87 0.14 0.86 0.00 0.23 0.77 0.00
1iqvA 0.45 0.83 0.45 0.50 0.05 0.39 0.53 0.08
1j5yA 0.34 0.78 0.34 0.46 0.20 0.49 0.32 0.19
1eh6A 0.34 0.86 0.56 0.32 0.12 0.62 0.29 0.09
1izmA 0.34 0.86 0.34 0.66 0.00 0.42 0.56 0.02
1nf4A 0.48 0.89 0.28 0.72 0.00 0.24 0.72 0.04
1or4A 0.42 0.82 0.21 0.79 0.00 0.33 0.67 0.00
1ic8A 0.33 0.77 0.46 0.53 0.01 0.42 0.58 0.00
1nnqA 0.43 0.88 0.32 0.66 0.02 0.34 0.63 0.04
1oxjA 0.44 0.81 0.29 0.69 0.01 0.45 0.55 0.00
1fpoA 0.32 0.89 0.24 0.76 0.00 0.31 0.69 0.00
1h1oA 0.38 0.81 0.55 0.45 0.00 0.56 0.44 0.00
1qkrA 0.40 0.76 0.26 0.72 0.03 0.44 0.55 0.02
1aj5A 0.42 0.89 0.33 0.61 0.06 0.42 0.57 0.02
1fewA 0.25 0.86 0.19 0.81 0.00 0.09 0.91 0.00
1kncA 0.40 0.86 0.25 0.75 0.00 0.32 0.68 0.00
2scpA 0.44 0.90 0.37 0.60 0.02 0.41 0.59 0.00
1nyaA 0.40 0.84 0.31 0.66 0.03 0.44 0.56 0.00
1s0pA 0.40 0.86 0.24 0.76 0.00 0.34 0.66 0.00
1hqvA 0.33 0.89 0.38 0.58 0.04 0.49 0.49 0.02
1htjF 0.31 0.79 0.29 0.71 0.01 0.35 0.63 0.02
1a22A 0.40 0.87 0.33 0.67 0.00 0.37 0.62 0.02
1bjfA 0.39 0.88 0.35 0.64 0.01 0.44 0.56 0.00
1dovA 0.33 0.94 0.11 0.89 0.00 0.14 0.86 0.00
1or7A 0.31 0.77 0.25 0.75 0.00 0.33 0.67 0.00
1f7cA 0.43 0.86 0.33 0.66 0.01 0.41 0.59 0.00
1n4cA 0.24 0.78 0.54 0.45 0.01 0.61 0.35 0.04
1bvsA 0.33 0.78 0.32 0.50 0.18 0.42 0.45 0.14
1dguA 0.27 0.81 0.38 0.60 0.02 0.53 0.45 0.02
1f6fA 0.40 0.84 0.40 0.60 0.00 0.31 0.64 0.05
1pbwA 0.37 0.85 0.36 0.62 0.01 0.47 0.53 0.00
1vi0A 0.36 0.83 0.26 0.74 0.00 0.39 0.61 0.00
1pi1A 0.38 0.86 0.41 0.55 0.05 0.51 0.46 0.03
1jt6B 0.44 0.85 0.20 0.80 0.00 0.29 0.71 0.00
1n81A 0.34 0.69 0.30 0.67 0.03 0.35 0.65 0.00
1ej3A 0.42 0.88 0.43 0.56 0.02 0.44 0.56 0.00
1lmzA 0.29 0.82 0.40 0.60 0.01 0.47 0.49 0.04
1r8iA 0.32 0.79 0.18 0.82 0.00 0.32 0.68 0.00
1h6pA 0.37 0.86 0.21 0.79 0.00 0.34 0.66 0.00
1o5hA 0.25 0.71 0.21 0.79 0.00 0.46 0.54 0.00
1uhnA 0.47 0.79 0.39 0.60 0.02 0.48 0.51 0.02
1etpA 0.31 0.79 0.46 0.54 0.00 0.58 0.38 0.04
1fioA 0.39 0.86 0.14 0.86 0.00 0.15 0.83 0.02
1b71A 0.38 0.84 0.32 0.65 0.03 0.37 0.55 0.07
1e6bA 0.31 0.84 0.41 0.50 0.09 0.48 0.44 0.08
1a37A 0.38 0.86 0.18 0.82 0.00 0.23 0.77 0.00
1h6oA 0.32 0.84 0.21 0.79 0.00 0.34 0.66 0.00
1hu3A 0.26 0.68 0.22 0.78 0.00 0.43 0.57 0.00
1cgpA 0.25 0.81 0.31 0.41 0.28 0.46 0.37 0.17
1ap5A 0.44 0.81 0.34 0.55 0.11 0.40 0.50 0.10
1pb6A 0.34 0.88 0.21 0.79 0.00 0.30 0.70 0.00
1am4A 0.36 0.81 0.37 0.62 0.01 0.53 0.47 0.00
1c7yA 0.28 0.77 0.35 0.49 0.16 0.46 0.41 0.13
1j77A 0.30 0.84 0.32 0.68 0.00 0.39 0.59 0.02
1eptA 0.44 0.74 0.49 0.00 0.51 0.74 0.00 0.26
1htrP 0.37 0.74 0.58 0.35 0.07 0.51 0.33 0.16
1mvfD 0.35 0.70 0.55 0.16 0.30 0.48 0.11 0.41
1ed7A 0.52 0.73 0.67 0.00 0.33 0.76 0.00 0.24
1jmqA 0.57 0.87 0.74 0.00 0.26 0.83 0.00 0.17
1ytfC 0.27 0.78 0.35 0.00 0.65 0.39 0.00 0.61
1bqpB 0.20 0.77 0.36 0.06 0.57 0.38 0.00 0.62
1i5hW 0.54 0.96 0.80 0.00 0.20 0.76 0.00 0.24
1igqA 0.46 0.65 0.41 0.04 0.56 0.69 0.00 0.31
1auuA 0.68 0.82 0.62 0.00 0.38 0.80 0.00 0.20
1c6vX 0.31 0.78 0.62 0.00 0.38 0.80 0.00 0.20
1g5vA 0.40 0.80 0.46 0.05 0.48 0.66 0.00 0.34
1b35D 0.21 0.65 0.47 0.53 0.00 0.75 0.25 0.00
1nz9A 0.34 0.76 0.55 0.05 0.40 0.66 0.00 0.34
1aojA 0.46 0.73 0.58 0.00 0.42 0.52 0.00 0.48
1kq1A 0.27 0.68 0.23 0.17 0.60 0.52 0.17 0.32
1e0bA 0.38 0.70 0.36 0.41 0.23 0.52 0.25 0.23
1pc0A 0.40 0.87 0.44 0.00 0.56 0.57 0.00 0.43
1k4uS 0.61 0.76 0.65 0.00 0.35 0.66 0.00 0.34
1hk9A 0.35 0.70 0.34 0.16 0.50 0.61 0.16 0.23
1gcpA 0.54 0.86 0.74 0.00 0.26 0.78 0.00 0.22
1azpA 0.29 0.62 0.52 0.33 0.15 0.52 0.15 0.33
1c9oA 0.48 0.73 0.50 0.03 0.47 0.77 0.00 0.23
1fr3A 0.64 0.81 0.33 0.09 0.58 0.52 0.07 0.40
1bosA 0.23 0.64 0.58 0.03 0.39 0.61 0.16 0.23
1c9sA 0.27 0.78 0.46 0.00 0.54 0.48 0.00 0.52
1jb0E 0.34 0.74 0.70 0.00 0.30 0.78 0.00 0.22
1pm3A 0.24 0.58 0.52 0.29 0.19 0.71 0.04 0.25
1dz1A 0.33 0.69 0.54 0.34 0.11 0.64 0.21 0.14
1g6zA 0.31 0.69 0.47 0.39 0.14 0.60 0.23 0.17
1bvnT 0.28 0.76 0.62 0.07 0.31 0.63 0.00 0.37
1ny4A 0.36 0.80 0.58 0.03 0.39 0.63 0.00 0.37
1o9yA 0.37 0.76 0.37 0.07 0.56 0.55 0.06 0.39
1d3bA 0.35 0.74 0.42 0.07 0.51 0.57 0.08 0.35
1i4kA 0.54 0.75 0.40 0.10 0.50 0.62 0.08 0.29
1dj7B 0.23 0.66 0.55 0.07 0.38 0.71 0.00 0.29
1b34B 0.42 0.66 0.41 0.12 0.47 0.55 0.14 0.31
1danT 0.55 0.81 0.55 0.05 0.40 0.60 0.07 0.33
1o6wA 0.28 0.72 0.65 0.00 0.35 0.56 0.16 0.28
1c01A 0.24 0.66 0.79 0.04 0.17 0.64 0.00 0.36
1dd2A 0.49 0.65 0.53 0.00 0.47 0.86 0.00 0.14
1ri9A 0.34 0.78 0.57 0.16 0.27 0.74 0.10 0.16
1oqkA 0.52 0.82 0.49 0.03 0.49 0.62 0.00 0.38
1pfsA 0.33 0.72 0.67 0.00 0.33 0.46 0.00 0.54
1jqqA 0.56 0.81 0.71 0.00 0.29 0.65 0.00 0.35
1b34A 0.51 0.76 0.44 0.09 0.47 0.59 0.11 0.30
1b4rA 0.50 0.82 0.55 0.00 0.45 0.47 0.00 0.53
1hiaA 0.54 0.74 0.49 0.00 0.51 0.74 0.00 0.26
1ezgA 0.31 0.96 0.96 0.00 0.04 1.00 0.00 0.00
1luzA 0.45 0.74 0.40 0.11 0.49 0.59 0.09 0.33
1f53A 0.26 0.65 0.55 0.00 0.45 0.75 0.00 0.25
1rgwA 0.56 0.73 0.51 0.14 0.35 0.71 0.09 0.20
2bn2A 0.41 0.82 0.80 0.09 0.11 0.86 0.11 0.04
1a7hA 0.56 0.73 0.55 0.06 0.40 0.77 0.03 0.20
1b5fB 0.27 0.64 0.43 0.07 0.49 0.60 0.07 0.33
1g6eA 0.34 0.76 0.55 0.00 0.45 0.61 0.00 0.39
1k8mA 0.49 0.75 0.54 0.00 0.46 0.70 0.00 0.30
1k85A 0.46 0.75 0.53 0.00 0.47 0.62 0.00 0.38
1kwaA 0.64 0.77 0.45 0.16 0.39 0.66 0.12 0.22
1npsA 0.41 0.80 0.59 0.03 0.38 0.66 0.06 0.28
1gl4B 0.57 0.82 0.45 0.03 0.52 0.54 0.00 0.46
1lknA 0.39 0.82 0.38 0.07 0.55 0.38 0.06 0.56
1o6aA 0.25 0.71 0.45 0.14 0.41 0.55 0.16 0.28
1ewwA 0.27 0.72 0.69 0.00 0.31 0.83 0.00 0.17
1qavA 0.55 0.77 0.49 0.14 0.37 0.70 0.12 0.18
1g9oA 0.55 0.78 0.48 0.18 0.34 0.66 0.13 0.21
1rl1A 0.42 0.73 0.49 0.02 0.49 0.63 0.00 0.37
1nnxA 0.50 0.78 0.46 0.08 0.46 0.61 0.04 0.34
1a64A 0.31 0.69 0.64 0.01 0.35 0.64 0.00 0.36
1b75A 0.40 0.68 0.40 0.18 0.41 0.51 0.15 0.34
1ehxA 0.41 0.73 0.61 0.03 0.36 0.68 0.07 0.24
1ihjA 0.50 0.73 0.49 0.14 0.37 0.56 0.12 0.32
1j8kA 0.51 0.78 0.50 0.00 0.50 0.57 0.00 0.43
1k5jA 0.58 0.80 0.47 0.00 0.53 0.59 0.00 0.41
1c5eA 0.26 0.66 0.63 0.12 0.25 0.82 0.04 0.14
1fltX 0.17 0.72 0.57 0.00 0.43 0.60 0.00 0.40
1hk6A 0.35 0.69 0.58 0.03 0.39 0.74 0.00 0.26
1im3D 0.35 0.76 0.36 0.00 0.64 0.47 0.00 0.53
1jj2P 0.26 0.82 0.58 0.07 0.35 0.74 0.03 0.23
1lplA 0.42 0.68 0.58 0.03 0.39 0.71 0.07 0.22
1mfgA 0.46 0.86 0.57 0.09 0.34 0.66 0.08 0.25
1n7eA 0.57 0.74 0.52 0.14 0.35 0.59 0.12 0.29
1vubA 0.34 0.67 0.41 0.26 0.33 0.67 0.12 0.21
2fnbA 0.55 0.83 0.53 0.00 0.47 0.65 0.00 0.35
1d5gA 0.54 0.81 0.53 0.14 0.33 0.66 0.11 0.23
1lwrA 0.50 0.78 0.55 0.00 0.45 0.50 0.00 0.50
1n27A 0.43 0.83 0.61 0.19 0.20 0.66 0.15 0.20
1aonO 0.23 0.74 0.54 0.00 0.46 0.69 0.00 0.31
1bymA 0.30 0.71 0.56 0.19 0.26 0.61 0.11 0.28
1hzeA 0.45 0.72 0.55 0.04 0.41 0.56 0.09 0.35
1j0wA 0.42 0.76 0.43 0.22 0.35 0.59 0.14 0.27
1lyaA 0.48 0.78 0.48 0.00 0.52 0.54 0.03 0.43
1bcpF 0.31 0.79 0.52 0.22 0.26 0.54 0.14 0.32
1tiiD 0.41 0.65 0.46 0.34 0.20 0.43 0.26 0.32
1udlA 0.59 0.77 0.70 0.00 0.30 0.76 0.00 0.24
1a1mB 0.46 0.82 0.52 0.00 0.48 0.54 0.00 0.46
1a30A 0.23 0.53 0.56 0.33 0.11 0.53 0.05 0.42
1cqyA 0.40 0.75 0.53 0.06 0.41 0.58 0.00 0.42
1d1nA 0.36 0.53 0.27 0.12 0.61 0.71 0.00 0.29
1j6qA 0.43 0.71 0.46 0.05 0.49 0.73 0.03 0.24
1r21A 0.40 0.84 0.54 0.00 0.46 0.66 0.00 0.34
1smpI 0.29 0.62 0.61 0.20 0.19 0.57 0.05 0.38
1cqkA 0.53 0.80 0.47 0.09 0.45 0.54 0.04 0.42
1f39A 0.30 0.80 0.54 0.02 0.44 0.68 0.00 0.32
1nwbA 0.38 0.82 0.47 0.19 0.35 0.41 0.17 0.43
1c8pA 0.53 0.87 0.53 0.00 0.47 0.60 0.00 0.40
1jjgA 0.24 0.54 0.46 0.14 0.40 0.46 0.04 0.50
1jt8A 0.32 0.80 0.57 0.08 0.35 0.49 0.17 0.34
1m42A 0.31 0.75 0.63 0.02 0.35 0.56 0.00 0.44
1eazA 0.56 0.82 0.44 0.17 0.40 0.56 0.16 0.28
1a14L 0.30 0.83 0.68 0.00 0.32 0.64 0.00 0.36
1ddvA 0.41 0.84 0.38 0.14 0.47 0.47 0.13 0.39
1fhgA 0.62 0.76 0.42 0.03 0.55 0.48 0.00 0.52
1fjgQ 0.32 0.68 0.46 0.09 0.45 0.59 0.14 0.27
1ixdA 0.35 0.75 0.67 0.03 0.30 0.79 0.00 0.21
1lktA 0.34 0.71 0.65 0.02 0.33 0.67 0.00 0.33
1q3oA 0.42 0.76 0.57 0.12 0.31 0.67 0.12 0.21
1g84A 0.62 0.77 0.45 0.05 0.50 0.43 0.04 0.53
1nlqA 0.42 0.80 0.47 0.00 0.53 0.57 0.00 0.43
1ox8A 0.38 0.79 0.52 0.21 0.27 0.66 0.12 0.22
1wwaX 0.47 0.77 0.46 0.00 0.54 0.55 0.00 0.45
1b44D 0.33 0.71 0.42 0.35 0.24 0.60 0.22 0.18
3ullA 0.43 0.81 0.36 0.08 0.56 0.36 0.08 0.57
1g31A 0.28 0.60 0.60 0.14 0.26 0.74 0.07 0.20
1ie5A 0.47 0.63 0.42 0.02 0.56 0.59 0.00 0.41
1m1fA 0.26 0.76 0.58 0.16 0.26 0.60 0.17 0.23
1m1sA 0.49 0.82 0.48 0.05 0.48 0.54 0.00 0.46
1njhA 0.23 0.76 0.39 0.10 0.50 0.59 0.09 0.32
1nsoA 0.26 0.63 0.49 0.07 0.45 0.60 0.05 0.36
1pybA 0.43 0.72 0.53 0.05 0.42 0.64 0.08 0.28
1ub4A 0.34 0.69 0.54 0.17 0.29 0.52 0.17 0.31
1ay9A 0.34 0.78 0.54 0.03 0.44 0.59 0.03 0.38
1h3zA 0.40 0.81 0.57 0.21 0.21 0.59 0.21 0.19
1hkfA 0.48 0.76 0.41 0.03 0.56 0.52 0.00 0.48
1i1jA 0.39 0.75 0.79 0.03 0.18 0.77 0.00 0.23
1o7dE 0.34 0.79 0.55 0.03 0.43 0.70 0.00 0.30
1gd7A 0.32 0.75 0.49 0.09 0.42 0.62 0.05 0.33
1oh1A 0.43 0.76 0.51 0.00 0.49 0.64 0.07 0.28
1ac6A 0.64 0.84 0.51 0.00 0.49 0.56 0.00 0.44
1bcpD 0.28 0.65 0.62 0.22 0.16 0.55 0.09 0.36
1ejfA 0.50 0.85 0.55 0.00 0.45 0.65 0.00 0.35
1i85A 0.51 0.75 0.46 0.00 0.54 0.70 0.00 0.30
1r75A 0.35 0.76 0.45 0.00 0.55 0.59 0.00 0.41
1evhA 0.45 0.78 0.39 0.15 0.46 0.50 0.14 0.36
1nycA 0.39 0.70 0.50 0.01 0.49 0.51 0.07 0.41
1pjwA 0.38 0.78 0.52 0.02 0.46 0.63 0.00 0.37
1qz8A 0.25 0.69 0.47 0.04 0.50 0.54 0.11 0.35
1d9kB 0.54 0.77 0.61 0.00 0.39 0.61 0.00 0.39
1ibyA 0.48 0.71 0.54 0.00 0.46 0.50 0.00 0.50
1irsA 0.45 0.78 0.46 0.23 0.30 0.54 0.21 0.25
1mvpA 0.40 0.84 0.51 0.07 0.42 0.59 0.04 0.37
1nqdA 0.27 0.82 0.49 0.04 0.48 0.43 0.00 0.57
1dynA 0.46 0.79 0.53 0.12 0.35 0.64 0.11 0.26
1fqtA 0.44 0.72 0.55 0.03 0.42 0.68 0.00 0.32
1ifrA 0.38 0.78 0.58 0.00 0.42 0.65 0.00 0.35
1lgpA 0.29 0.75 0.52 0.00 0.48 0.66 0.00 0.34
1nc7A 0.27 0.61 0.55 0.14 0.32 0.65 0.00 0.35
1qmoA 0.28 0.78 0.56 0.00 0.44 0.67 0.00 0.33
1ue1A 0.43 0.73 0.42 0.06 0.51 0.35 0.07 0.58
1akjD 0.43 0.77 0.55 0.00 0.45 0.61 0.00 0.39
1bm7A 0.38 0.82 0.51 0.04 0.45 0.58 0.05 0.37
1eqqA 0.35 0.78 0.43 0.07 0.50 0.35 0.07 0.58
1ewiA 0.30 0.70 0.50 0.24 0.26 0.62 0.16 0.22
1osyA 0.27 0.68 0.61 0.00 0.39 0.58 0.11 0.31
1quqB 0.34 0.79 0.46 0.18 0.37 0.56 0.15 0.29
1vj2A 0.34 0.81 0.49 0.03 0.48 0.59 0.00 0.41
1be9A 0.46 0.74 0.57 0.11 0.31 0.68 0.14 0.18
1fwqA 0.33 0.70 0.72 0.00 0.28 0.91 0.00 0.09
1h10A 0.49 0.79 0.47 0.17 0.36 0.48 0.22 0.30
1o4tA 0.34 0.80 0.50 0.02 0.48 0.55 0.00 0.45
1o7iA 0.34 0.89 0.57 0.02 0.41 0.58 0.00 0.42
1qfoA 0.37 0.72 0.44 0.00 0.56 0.65 0.00 0.35
1shsA 0.35 0.75 0.48 0.02 0.50 0.56 0.00 0.44
1gxcA 0.35 0.66 0.53 0.00 0.47 0.66 0.06 0.28
1jpeA 0.39 0.73 0.51 0.03 0.47 0.50 0.03 0.47
1n0lB 0.22 0.75 0.60 0.00 0.40 0.66 0.00 0.34
1ne8A 0.31 0.78 0.59 0.18 0.23 0.63 0.15 0.22
1npuA 0.45 0.77 0.48 0.02 0.50 0.58 0.00 0.42
1k0hA 0.27 0.56 0.47 0.21 0.32 0.69 0.03 0.28
1pm4A 0.31 0.72 0.65 0.00 0.35 0.49 0.00 0.51
1uemA 0.45 0.81 0.59 0.00 0.41 0.68 0.00 0.32
1b11A 0.35 0.73 0.54 0.04 0.42 0.54 0.04 0.42
1f3uA 0.22 0.75 0.56 0.10 0.34 0.50 0.11 0.39
1b2pA 0.32 0.82 0.57 0.00 0.43 0.72 0.00 0.28
1fhoA 0.40 0.65 0.48 0.24 0.29 0.65 0.09 0.26
1jj2S 0.26 0.62 0.47 0.20 0.33 0.67 0.21 0.12
1k3bA 0.39 0.81 0.48 0.00 0.52 0.64 0.00 0.36
1n3jA 0.34 0.73 0.55 0.01 0.44 0.61 0.09 0.29
1a14H 0.55 0.67 0.47 0.05 0.48 0.59 0.00 0.41
1gyuA 0.56 0.85 0.46 0.02 0.53 0.53 0.00 0.47
1aqcA 0.30 0.81 0.45 0.27 0.28 0.57 0.20 0.23
1l7lA 0.29 0.69 0.63 0.11 0.26 0.68 0.00 0.32
1q8mA 0.58 0.80 0.44 0.01 0.55 0.54 0.00 0.46
1quqA 0.33 0.73 0.36 0.12 0.53 0.50 0.17 0.33
1mzkA 0.39 0.84 0.59 0.00 0.41 0.69 0.00 0.31
1nkoA 0.51 0.82 0.53 0.00 0.47 0.66 0.00 0.34
2cuaA 0.42 0.84 0.52 0.00 0.48 0.60 0.00 0.40
1adwA 0.53 0.85 0.52 0.15 0.33 0.58 0.12 0.30
1avdA 0.47 0.71 0.45 0.15 0.40 0.45 0.04 0.51
1bdyA 0.41 0.75 0.54 0.07 0.39 0.42 0.08 0.50
1m5qA 0.22 0.57 0.29 0.24 0.47 0.64 0.20 0.15
1nf3C 0.39 0.76 0.63 0.11 0.25 0.64 0.10 0.26
1do6A 0.45 0.81 0.53 0.01 0.46 0.62 0.00 0.38
1kacB 0.40 0.73 0.53 0.02 0.44 0.66 0.00 0.34
1mspA 0.32 0.85 0.52 0.07 0.41 0.52 0.02 0.45
1c28A 0.43 0.77 0.45 0.00 0.55 0.58 0.00 0.42
1fgyA 0.47 0.73 0.48 0.14 0.38 0.53 0.08 0.39
1fjgL 0.32 0.73 0.70 0.07 0.23 0.60 0.03 0.37
1ahsA 0.32 0.66 0.54 0.08 0.38 0.61 0.02 0.37
1d2bA 0.45 0.72 0.54 0.11 0.35 0.67 0.10 0.23
1knlA 0.33 0.72 0.56 0.00 0.44 0.83 0.00 0.17
1afcA 0.38 0.84 0.53 0.00 0.47 0.67 0.00 0.33
1b8qA 0.36 0.80 0.61 0.11 0.28 0.66 0.09 0.24
1cmoA 0.27 0.62 0.52 0.15 0.33 0.61 0.04 0.35
1gvmA 0.24 0.69 0.45 0.00 0.55 0.73 0.00 0.27
1jb3A 0.28 0.74 0.56 0.22 0.22 0.55 0.20 0.25
1q5hA 0.28 0.80 0.56 0.00 0.44 0.49 0.04 0.47
1bynA 0.50 0.72 0.52 0.05 0.43 0.50 0.03 0.47
1g8jB 0.29 0.79 0.68 0.00 0.32 0.70 0.02 0.27
1ksgB 0.23 0.63 0.53 0.05 0.41 0.56 0.09 0.35
1oa8A 0.28 0.66 0.63 0.02 0.34 0.60 0.10 0.30
1uf1A 0.36 0.76 0.66 0.08 0.26 0.73 0.11 0.16
1a4aA 0.41 0.81 0.57 0.09 0.34 0.64 0.07 0.29
1o5lA 0.40 0.76 0.28 0.36 0.36 0.50 0.28 0.22
1ayoA 0.35 0.76 0.49 0.02 0.48 0.52 0.06 0.42
1gxeA 0.30 0.78 0.56 0.02 0.42 0.64 0.00 0.36
1jhcA 0.29 0.80 0.55 0.02 0.43 0.68 0.00 0.32
1nepA 0.27 0.77 0.51 0.00 0.49 0.54 0.02 0.44
1pkoA 0.38 0.79 0.50 0.02 0.48 0.65 0.00 0.35
1hpcA 0.37 0.69 0.47 0.28 0.25 0.56 0.24 0.20
1lmiA 0.22 0.77 0.68 0.01 0.31 0.69 0.00 0.31
1uapA 0.34 0.75 0.53 0.11 0.37 0.66 0.12 0.22
1uxzA 0.56 0.78 0.50 0.00 0.50 0.57 0.00 0.43
1a25A 0.46 0.63 0.58 0.02 0.40 0.49 0.09 0.42
1e6fA 0.33 0.74 0.57 0.00 0.43 0.65 0.00 0.35
1sf9A 0.35 0.69 0.45 0.36 0.19 0.49 0.41 0.10
1i3qH 0.27 0.70 0.43 0.02 0.55 0.58 0.02 0.40
1jacA 0.32 0.71 0.47 0.01 0.52 0.62 0.00 0.38
1k8hA 0.32 0.68 0.40 0.18 0.42 0.48 0.19 0.33
1pk6A 0.31 0.82 0.53 0.00 0.47 0.48 0.00 0.52
1a78A 0.37 0.79 0.48 0.02 0.50 0.61 0.00 0.39
1dqgA 0.38 0.81 0.65 0.01 0.34 0.82 0.00 0.18
1gglA 0.32 0.81 0.37 0.12 0.51 0.43 0.10 0.47
1gmmA 0.32 0.77 0.52 0.00 0.48 0.59 0.00 0.41
1c1fA 0.42 0.76 0.47 0.02 0.50 0.64 0.00 0.36
1ddmA 0.35 0.70 0.41 0.27 0.33 0.51 0.25 0.24
1gmiA 0.35 0.69 0.53 0.03 0.44 0.56 0.04 0.39
1khcA 0.35 0.79 0.61 0.27 0.12 0.54 0.27 0.19
1op4A 0.30 0.82 0.63 0.00 0.37 0.67 0.00 0.33
1azzC 0.21 0.79 0.59 0.00 0.41 0.57 0.00 0.43
1cl3A 0.29 0.70 0.54 0.26 0.20 0.46 0.29 0.25
1gmuA 0.32 0.78 0.49 0.17 0.34 0.54 0.17 0.29
1gwkA 0.30 0.77 0.63 0.01 0.36 0.63 0.00 0.37
1qhqA 0.29 0.82 0.55 0.12 0.34 0.58 0.11 0.31
2hrvA 0.24 0.65 0.60 0.02 0.37 0.73 0.00 0.27
1ej8A 0.44 0.86 0.65 0.02 0.33 0.64 0.02 0.34
1jopA 0.27 0.85 0.59 0.09 0.32 0.63 0.07 0.30
1p4pA 0.31 0.79 0.42 0.10 0.48 0.54 0.04 0.41
1ikoP 0.39 0.81 0.60 0.04 0.36 0.68 0.06 0.26
1mi8A 0.33 0.70 0.48 0.03 0.50 0.61 0.00 0.39
1n0eA 0.34 0.78 0.42 0.40 0.18 0.45 0.31 0.23
1stmA 0.22 0.75 0.57 0.03 0.40 0.50 0.02 0.48
1v27A 0.45 0.72 0.60 0.05 0.35 0.58 0.04 0.38
1n05A 0.38 0.78 0.56 0.18 0.26 0.53 0.24 0.23
1r0uA 0.36 0.85 0.32 0.04 0.64 0.36 0.00 0.64
1c3kA 0.33 0.69 0.48 0.00 0.52 0.64 0.00 0.36
1g1kA 0.26 0.72 0.51 0.00 0.49 0.52 0.00 0.48
1jh5A 0.31 0.65 0.48 0.11 0.41 0.61 0.00 0.39
1l1dA 0.25 0.79 0.63 0.18 0.18 0.77 0.08 0.14
1mkeA 0.27 0.68 0.50 0.18 0.32 0.48 0.10 0.42
1q7hA 0.29 0.66 0.47 0.22 0.31 0.72 0.16 0.12
1qqhA 0.25 0.78 0.46 0.24 0.31 0.56 0.17 0.26
1rj7A 0.38 0.72 0.49 0.00 0.51 0.53 0.00 0.47
1k5dB 0.35 0.75 0.45 0.12 0.43 0.51 0.13 0.36
1q67A 0.44 0.69 0.52 0.21 0.27 0.46 0.23 0.31
1ut4A 0.32 0.80 0.58 0.12 0.30 0.56 0.12 0.32
1a34A 0.24 0.63 0.68 0.11 0.21 0.56 0.02 0.42
1khiA 0.34 0.69 0.52 0.07 0.41 0.52 0.07 0.41
1rz0A 0.31 0.65 0.41 0.16 0.43 0.58 0.05 0.37
1earA 0.25 0.82 0.51 0.18 0.31 0.54 0.16 0.30
1h9jA 0.29 0.86 0.39 0.09 0.52 0.50 0.07 0.43
1ijaA 0.34 0.79 0.53 0.06 0.41 0.67 0.05 0.28
1a3yA 0.45 0.74 0.37 0.13 0.50 0.59 0.09 0.32
1cwpA 0.29 0.73 0.53 0.21 0.26 0.62 0.09 0.30
1pdkB 0.24 0.82 0.57 0.03 0.40 0.60 0.05 0.34
1gmeA 0.25 0.73 0.52 0.13 0.35 0.53 0.12 0.35
1ul9A 0.36 0.73 0.52 0.02 0.46 0.63 0.00 0.37
1bzoA 0.43 0.88 0.64 0.00 0.36 0.74 0.00 0.26
1h6wA 0.22 0.75 0.68 0.08 0.24 0.73 0.11 0.17
1k0sA 0.27 0.72 0.51 0.17 0.32 0.65 0.07 0.28
1na8A 0.35 0.81 0.53 0.03 0.44 0.56 0.07 0.37
1xnaA 0.33 0.72 0.62 0.06 0.32 0.66 0.07 0.27
1a1rA 0.37 0.61 0.55 0.07 0.38 0.70 0.04 0.26
1a8mA 0.32 0.82 0.51 0.02 0.47 0.55 0.00 0.45
1c39A 0.50 0.76 0.58 0.05 0.38 0.59 0.07 0.34
1ko6A 0.32 0.70 0.55 0.12 0.33 0.70 0.14 0.16
1ntvA 0.43 0.81 0.44 0.27 0.29 0.50 0.30 0.20
1azvA 0.52 0.90 0.61 0.02 0.37 0.65 0.04 0.31
1cx1A 0.29 0.84 0.58 0.02 0.41 0.66 0.00 0.34
1dyoA 0.27 0.75 0.50 0.00 0.50 0.69 0.00 0.31
1gnyA 0.38 0.77 0.58 0.03 0.39 0.59 0.03 0.39
1p5uB 0.24 0.72 0.59 0.00 0.41 0.57 0.00 0.43
1pinA 0.32 0.75 0.57 0.31 0.12 0.65 0.20 0.15
1fjjA 0.33 0.76 0.64 0.08 0.29 0.77 0.03 0.19
1qouA 0.27 0.79 0.58 0.08 0.34 0.70 0.04 0.26
1guiA 0.37 0.81 0.58 0.03 0.39 0.56 0.00 0.44
1lb4A 0.31 0.78 0.55 0.07 0.38 0.55 0.08 0.37
1nbcA 0.35 0.78 0.58 0.00 0.42 0.61 0.00 0.39
1rocA 0.34 0.74 0.50 0.05 0.45 0.55 0.05 0.40
1kq5A 0.26 0.79 0.42 0.00 0.58 0.56 0.00 0.44
1nykA 0.31 0.77 0.68 0.01 0.31 0.82 0.03 0.15
1nziA 0.33 0.83 0.61 0.00 0.39 0.63 0.00 0.37
1f15A 0.27 0.69 0.60 0.10 0.31 0.59 0.10 0.31
1f35A 0.27 0.73 0.47 0.34 0.18 0.59 0.16 0.25
1g82A 0.31 0.75 0.55 0.05 0.40 0.66 0.08 0.26
1j0sA 0.30 0.71 0.60 0.04 0.36 0.50 0.03 0.47
1jzuA 0.53 0.73 0.43 0.12 0.45 0.52 0.11 0.37
1dkgA 0.23 0.77 0.23 0.63 0.13 0.38 0.53 0.09
1dmzA 0.40 0.77 0.54 0.04 0.42 0.66 0.04 0.30
1k12A 0.35 0.79 0.68 0.00 0.32 0.71 0.02 0.27
1s7mA 0.21 0.71 0.59 0.20 0.21 0.69 0.06 0.25
1a0hA 0.32 0.83 0.89 0.06 0.06 0.82 0.11 0.06
1n99A 0.29 0.74 0.50 0.16 0.34 0.72 0.14 0.14
1czsA 0.37 0.74 0.60 0.00 0.40 0.67 0.00 0.33
1epaA 0.41 0.81 0.42 0.16 0.42 0.53 0.12 0.36
1g13A 0.26 0.76 0.63 0.04 0.33 0.63 0.04 0.33
1lr5A 0.34 0.74 0.57 0.09 0.33 0.59 0.05 0.36
1i0rA 0.32 0.68 0.45 0.16 0.39 0.47 0.16 0.37
1jhjA 0.38 0.79 0.50 0.05 0.45 0.65 0.05 0.30
1auyA 0.34 0.80 0.53 0.02 0.44 0.61 0.06 0.33
1b55A 0.34 0.78 0.63 0.11 0.26 0.69 0.11 0.20
1iw2A 0.38 0.80 0.47 0.12 0.40 0.65 0.07 0.28
1nyoA 0.26 0.67 0.50 0.30 0.20 0.58 0.32 0.10
1vmoA 0.32 0.78 0.61 0.00 0.39 0.72 0.00 0.28
2aacA 0.40 0.80 0.52 0.24 0.25 0.48 0.25 0.28
1eujA 0.31 0.73 0.56 0.05 0.38 0.71 0.04 0.25
1g3gA 0.32 0.64 0.60 0.07 0.33 0.57 0.13 0.30
1ib8A 0.29 0.82 0.34 0.28 0.38 0.49 0.21 0.29
1kqrA 0.24 0.76 0.51 0.06 0.43 0.50 0.05 0.45
1lckA 0.41 0.86 0.65 0.11 0.24 0.62 0.10 0.29
1kl9A 0.43 0.82 0.38 0.45 0.17 0.49 0.42 0.08
1ow1A 0.27 0.65 0.48 0.30 0.22 0.44 0.31 0.25
1qwdA 0.37 0.77 0.49 0.18 0.34 0.65 0.07 0.28
1ca4A 0.49 0.87 0.56 0.15 0.29 0.62 0.14 0.24
1h6qA 0.39 0.76 0.51 0.23 0.26 0.47 0.26 0.27
1k42A 0.34 0.70 0.54 0.11 0.36 0.61 0.00 0.39
1o9vA 0.28 0.67 0.58 0.02 0.39 0.62 0.00 0.38
1r4kA 0.24 0.67 0.50 0.33 0.17 0.61 0.13 0.26
2eipA 0.29 0.77 0.52 0.20 0.28 0.66 0.14 0.20
1nukA 0.34 0.72 0.56 0.00 0.44 0.63 0.00 0.37
1c3gA 0.27 0.84 0.54 0.09 0.36 0.46 0.08 0.46
1d2sA 0.35 0.73 0.54 0.01 0.45 0.72 0.00 0.28
1qzgA 0.27 0.65 0.53 0.21 0.26 0.57 0.16 0.27
1cczA 0.35 0.81 0.51 0.00 0.49 0.56 0.00 0.44
1e4jA 0.31 0.75 0.44 0.03 0.53 0.58 0.00 0.42
1bbpA 0.46 0.76 0.48 0.13 0.39 0.60 0.06 0.34
1dfvA 0.42 0.79 0.49 0.13 0.39 0.65 0.07 0.28
1fu1A 0.23 0.66 0.44 0.40 0.16 0.37 0.37 0.25
1of3A 0.30 0.75 0.53 0.06 0.41 0.60 0.02 0.38
1bvoA 0.36 0.77 0.60 0.11 0.29 0.69 0.07 0.25
1eo8B 0.22 0.58 0.22 0.77 0.02 0.42 0.48 0.10
1iazA 0.31 0.87 0.51 0.13 0.35 0.53 0.10 0.37
1oghA 0.25 0.72 0.56 0.05 0.39 0.59 0.12 0.29
1qftA 0.33 0.80 0.50 0.11 0.39 0.59 0.10 0.31
1qr4A 0.30 0.86 0.48 0.00 0.52 0.54 0.00 0.46
1a6aA 0.41 0.74 0.52 0.06 0.43 0.51 0.14 0.36
1bd7A 0.28 0.74 0.53 0.08 0.39 0.75 0.00 0.25
1ng2A 0.22 0.73 0.67 0.00 0.33 0.63 0.08 0.29
1rhfA 0.23 0.68 0.41 0.03 0.56 0.53 0.00 0.47
1v3wA 0.38 0.76 0.54 0.14 0.32 0.67 0.13 0.20
1befA 0.28 0.62 0.58 0.00 0.42 0.67 0.08 0.25
1go3E 0.23 0.64 0.40 0.23 0.38 0.55 0.11 0.33
1iwlA 0.33 0.77 0.38 0.07 0.55 0.53 0.10 0.37
1iwmA 0.34 0.83 0.39 0.15 0.46 0.51 0.14 0.35
1cr5A 0.31 0.80 0.46 0.12 0.42 0.57 0.11 0.33
1j83A 0.26 0.74 0.60 0.04 0.35 0.72 0.03 0.25
1m4oA 0.23 0.84 0.44 0.25 0.31 0.49 0.20 0.31
1qjzA 0.27 0.74 0.56 0.02 0.41 0.63 0.04 0.32
1udzA 0.33 0.79 0.49 0.22 0.30 0.66 0.15 0.19
1c4rA 0.30 0.70 0.43 0.04 0.53 0.59 0.03 0.38
1cqqA 0.32 0.68 0.47 0.11 0.42 0.68 0.06 0.26
1gqpA 0.34 0.77 0.52 0.08 0.41 0.63 0.10 0.27
1h91A 0.38 0.76 0.56 0.11 0.33 0.56 0.14 0.30
1avaC 0.28 0.79 0.64 0.00 0.36 0.70 0.00 0.30
1cauA 0.28 0.75 0.51 0.13 0.36 0.61 0.07 0.32
1je5A 0.30 0.85 0.53 0.16 0.31 0.55 0.14 0.30
1oruA 0.26 0.79 0.62 0.14 0.23 0.66 0.13 0.20
1hdmB 0.31 0.78 0.38 0.16 0.46 0.45 0.15 0.39
1dzrA 0.29 0.76 0.55 0.10 0.34 0.57 0.05 0.38
1hdmA 0.36 0.72 0.49 0.11 0.40 0.48 0.10 0.42
1np1A 0.36 0.80 0.53 0.11 0.36 0.54 0.10 0.36
1umhA 0.27 0.70 0.64 0.10 0.27 0.58 0.08 0.34
1xbrA 0.21 0.70 0.49 0.16 0.35 0.52 0.15 0.33
1csoE 0.29 0.61 0.50 0.03 0.47 0.75 0.00 0.25
1cz4A 0.24 0.78 0.55 0.08 0.37 0.57 0.09 0.34
1d7bA 0.30 0.79 0.53 0.09 0.38 0.61 0.02 0.37
1feuA 0.24 0.75 0.42 0.10 0.48 0.55 0.10 0.35
1oeeA 0.32 0.81 0.51 0.23 0.25 0.54 0.22 0.24
1jbjA 0.31 0.78 0.60 0.03 0.37 0.65 0.00 0.35
1d2oA 0.29 0.84 0.51 0.01 0.48 0.58 0.00 0.42
1e5uI 0.24 0.76 0.42 0.12 0.45 0.56 0.14 0.30
1kxlA 0.30 0.66 0.43 0.39 0.18 0.52 0.24 0.24
1m06G 0.32 0.85 0.56 0.00 0.44 0.55 0.00 0.45
1fjrA 0.29 0.67 0.62 0.02 0.36 0.68 0.04 0.29
1pz7A 0.30 0.73 0.55 0.02 0.43 0.68 0.02 0.30
1c8nA 0.33 0.76 0.57 0.06 0.37 0.59 0.11 0.31
1f2nA 0.34 0.80 0.58 0.09 0.33 0.62 0.11 0.27
1i82A 0.25 0.77 0.51 0.02 0.48 0.61 0.02 0.37
1n9pA 0.34 0.69 0.48 0.07 0.45 0.71 0.02 0.27
1bd2D 0.28 0.77 0.56 0.00 0.44 0.59 0.00 0.41
1k2fA 0.26 0.79 0.48 0.11 0.41 0.54 0.15 0.31
1p9hA 0.20 0.72 0.59 0.04 0.36 0.74 0.04 0.22
1qcsA 0.28 0.73 0.48 0.10 0.42 0.65 0.07 0.28
1h7zA 0.35 0.77 0.62 0.00 0.38 0.61 0.03 0.36
1ejeA 0.34 0.72 0.44 0.17 0.39 0.57 0.14 0.30
1q3eA 0.38 0.83 0.27 0.52 0.21 0.39 0.46 0.15
1j8rA 0.20 0.66 0.52 0.07 0.41 0.53 0.02 0.45
1ovzA 0.32 0.76 0.55 0.03 0.42 0.60 0.00 0.40
1uscA 0.39 0.75 0.50 0.16 0.34 0.62 0.08 0.30
1a21A 0.27 0.72 0.56 0.00 0.44 0.62 0.04 0.34
1aw7A 0.34 0.77 0.52 0.14 0.34 0.53 0.12 0.35
1epfA 0.23 0.72 0.39 0.03 0.58 0.58 0.00 0.42
1et9A 0.35 0.71 0.46 0.14 0.41 0.57 0.17 0.25
1qg3A 0.31 0.80 0.55 0.00 0.45 0.55 0.00 0.45
1shcA 0.30 0.76 0.49 0.27 0.24 0.61 0.18 0.22
1bccE 0.25 0.82 0.63 0.18 0.18 0.61 0.24 0.14
1hf2A 0.31 0.79 0.51 0.16 0.34 0.67 0.11 0.21
1m4vA 0.30 0.79 0.51 0.15 0.34 0.52 0.16 0.32
1p1dA 0.21 0.75 0.54 0.13 0.33 0.62 0.12 0.26
1tsrA 0.27 0.78 0.57 0.07 0.36 0.63 0.06 0.31
1bcpB 0.20 0.79 0.61 0.17 0.21 0.62 0.14 0.24
1cmvA 0.35 0.78 0.47 0.32 0.21 0.59 0.30 0.10
1ee6A 0.29 0.67 0.58 0.01 0.41 0.85 0.00 0.15
1mbmA 0.24 0.74 0.51 0.13 0.37 0.66 0.06 0.28
1s2bA 0.29 0.73 0.52 0.02 0.46 0.55 0.00 0.45
1vcaA 0.30 0.77 0.45 0.02 0.53 0.50 0.00 0.50
1kjkA 0.49 0.73 0.57 0.24 0.18 0.51 0.31 0.18
1k8bA 0.29 0.65 0.33 0.50 0.17 0.52 0.35 0.13
1s0yB 0.65 0.80 0.60 0.25 0.15 0.47 0.31 0.22
1l2wI 0.20 0.44 0.35 0.65 0.00 0.53 0.25 0.23
1ntkI 0.18 0.58 0.93 0.00 0.07 0.65 0.09 0.26
1p65A 0.44 0.77 0.35 0.28 0.37 0.40 0.40 0.19
1neiA 0.36 0.73 0.48 0.32 0.20 0.32 0.42 0.27
1rof_ 0.66 0.67 0.50 0.23 0.27 0.83 0.17 0.00
1mszA 0.60 0.82 0.44 0.40 0.16 0.35 0.39 0.26
1nr2A 0.82 0.87 0.58 0.19 0.23 0.61 0.18 0.21
1s0yA 0.52 0.87 0.42 0.31 0.27 0.52 0.27 0.21
1lv9A 0.55 0.86 0.57 0.16 0.27 0.68 0.14 0.17
1sb6A 0.73 0.88 0.42 0.34 0.23 0.48 0.31 0.20
2fmr_ 0.52 0.83 0.55 0.23 0.22 0.57 0.22 0.22
1owtA 0.34 0.76 0.74 0.17 0.09 0.59 0.20 0.21
1pcfA 0.36 0.79 0.48 0.29 0.23 0.42 0.24 0.33
1mogA 0.45 0.82 0.27 0.24 0.49 0.42 0.19 0.39
1stu_ 0.68 0.87 0.35 0.37 0.28 0.37 0.37 0.26
1ryjA 0.34 0.54 0.44 0.31 0.24 0.60 0.09 0.31
1scjB 0.51 0.79 0.41 0.31 0.28 0.56 0.24 0.20
1vig_ 0.51 0.83 0.42 0.31 0.27 0.39 0.32 0.28
1xxaA 0.45 0.79 0.39 0.30 0.31 0.46 0.31 0.23
1kn6A 0.48 0.86 0.55 0.23 0.22 0.55 0.25 0.21
1mwyA 0.79 0.85 0.41 0.32 0.27 0.51 0.29 0.21
1qkfA 0.33 0.70 0.56 0.19 0.25 0.73 0.15 0.12
1uv7A 0.50 0.65 0.30 0.34 0.36 0.54 0.31 0.15
1mbyA 0.38 0.71 0.45 0.20 0.35 0.45 0.11 0.44
1qgwA 0.26 0.79 0.67 0.25 0.08 0.64 0.15 0.21
1tif_ 0.49 0.86 0.46 0.30 0.24 0.55 0.30 0.14
1vazA 0.53 0.89 0.59 0.20 0.21 0.57 0.21 0.22
1pqsA 0.40 0.88 0.39 0.31 0.30 0.45 0.31 0.23
1usmA 0.67 0.82 0.29 0.42 0.30 0.39 0.36 0.25
1utaA 0.53 0.79 0.45 0.38 0.17 0.42 0.32 0.26
1vcc_ 0.52 0.78 0.58 0.16 0.26 0.68 0.13 0.19
1no8A 0.75 0.76 0.37 0.26 0.37 0.56 0.23 0.21
1oeyA 0.33 0.67 0.53 0.13 0.35 0.68 0.08 0.24
1p98A 0.51 0.85 0.47 0.18 0.35 0.63 0.13 0.24
1pavA 0.58 0.86 0.41 0.27 0.32 0.42 0.29 0.28
1kp6A 0.28 0.58 0.67 0.25 0.08 0.59 0.23 0.18
1p9kA 0.32 0.70 0.53 0.19 0.28 0.61 0.15 0.24
1jwwA 0.72 0.93 0.44 0.29 0.28 0.51 0.25 0.24
1jj2R 0.62 0.81 0.38 0.31 0.31 0.52 0.28 0.20
1pba_ 0.59 0.81 0.41 0.33 0.26 0.59 0.25 0.16
1rpyA 0.54 0.70 0.53 0.17 0.30 0.59 0.21 0.20
1t4oA 0.63 0.83 0.40 0.37 0.23 0.52 0.31 0.17
1jj2W 0.53 0.74 0.46 0.28 0.26 0.48 0.30 0.22
1t0qC 0.40 0.80 0.55 0.14 0.30 0.54 0.12 0.34
3eipA 0.46 0.82 0.63 0.19 0.18 0.60 0.14 0.26
1kwiA 0.46 0.84 0.66 0.16 0.18 0.59 0.18 0.24
1mnmA 0.30 0.59 0.54 0.26 0.20 0.33 0.47 0.20
2bopA 0.49 0.74 0.44 0.11 0.46 0.47 0.25 0.28
1o51A 0.56 0.81 0.38 0.33 0.29 0.43 0.24 0.33
1u0sA 0.59 0.88 0.42 0.31 0.27 0.49 0.29 0.22
1l9aA 0.62 0.77 0.53 0.34 0.13 0.64 0.23 0.13
1sjqA 0.57 0.83 0.48 0.23 0.30 0.53 0.23 0.24
1tig_ 0.50 0.89 0.35 0.39 0.26 0.44 0.33 0.23
1udvA 0.61 0.78 0.41 0.28 0.31 0.42 0.33 0.25
2u1a_ 0.61 0.80 0.49 0.22 0.30 0.69 0.19 0.11
1jruA 0.48 0.90 0.58 0.15 0.27 0.62 0.10 0.28
1khmA 0.59 0.90 0.48 0.34 0.18 0.45 0.35 0.20
1q8bA 0.61 0.66 0.33 0.42 0.26 0.62 0.26 0.12
1vd2A 0.62 0.81 0.38 0.28 0.34 0.51 0.25 0.25
1vm0A 0.42 0.64 0.46 0.21 0.33 0.56 0.22 0.21
1oqjA 0.58 0.74 0.60 0.12 0.28 0.72 0.16 0.12
1t0yA 0.42 0.81 0.58 0.04 0.38 0.61 0.11 0.28
1t3uA 0.37 0.79 0.21 0.67 0.12 0.29 0.61 0.10
1u2fA 0.66 0.80 0.50 0.23 0.27 0.59 0.20 0.21
1lzwA 0.53 0.81 0.38 0.45 0.16 0.42 0.42 0.16
1pqxA 0.45 0.73 0.56 0.26 0.18 0.57 0.19 0.24
1pu1A 0.39 0.73 0.40 0.56 0.04 0.36 0.42 0.22
1uw4A 0.61 0.81 0.51 0.21 0.29 0.56 0.16 0.27
1jnsA 0.53 0.80 0.51 0.32 0.17 0.51 0.35 0.14
1ln0A 0.45 0.85 0.38 0.41 0.21 0.51 0.36 0.13
1pytA 0.50 0.83 0.32 0.48 0.21 0.47 0.36 0.17
1qk9A 0.38 0.88 0.66 0.11 0.23 0.72 0.10 0.18
1l5pA 0.51 0.85 0.57 0.14 0.29 0.70 0.12 0.18
1l7yA 0.43 0.78 0.62 0.09 0.30 0.57 0.16 0.27
1o8rA 0.33 0.67 0.56 0.34 0.10 0.65 0.29 0.06
1sheA 0.48 0.87 0.47 0.37 0.16 0.49 0.36 0.15
1svq_ 0.56 0.84 0.45 0.27 0.29 0.52 0.23 0.24
1lxnA 0.47 0.78 0.36 0.42 0.22 0.42 0.32 0.26
1mli_ 0.61 0.80 0.45 0.31 0.24 0.52 0.28 0.20
1mwpA 0.53 0.77 0.61 0.15 0.24 0.59 0.10 0.30
1n88A 0.51 0.74 0.53 0.27 0.20 0.54 0.22 0.24
1pa4A 0.52 0.66 0.29 0.44 0.27 0.44 0.48 0.08
1x7vA 0.58 0.69 0.28 0.42 0.30 0.51 0.28 0.21
1jwoA 0.66 0.87 0.57 0.18 0.26 0.64 0.15 0.21
1mr1C 0.34 0.72 0.58 0.16 0.26 0.67 0.21 0.12
1ny8A 0.48 0.69 0.32 0.48 0.20 0.46 0.32 0.22
1qw2A 0.34 0.58 0.35 0.34 0.31 0.73 0.08 0.19
1jmtA 0.65 0.82 0.40 0.33 0.28 0.40 0.40 0.20
1jq4A 0.39 0.68 0.56 0.12 0.32 0.63 0.11 0.26
1ln4A 0.51 0.79 0.42 0.39 0.19 0.49 0.37 0.14
1o7bT 0.33 0.84 0.66 0.20 0.13 0.64 0.19 0.16
1vcbA 0.40 0.71 0.66 0.19 0.14 0.59 0.13 0.28
1wotA 0.43 0.81 0.35 0.45 0.20 0.46 0.42 0.12
1mwqA 0.61 0.79 0.38 0.32 0.29 0.49 0.28 0.22
1no5A 0.59 0.84 0.41 0.34 0.25 0.45 0.35 0.20
1nrvA 0.71 0.87 0.56 0.18 0.26 0.65 0.17 0.18
1lxjA 0.58 0.81 0.35 0.42 0.24 0.44 0.36 0.21
1se9A 0.35 0.78 0.59 0.17 0.24 0.69 0.09 0.22
1sqeA 0.63 0.80 0.47 0.24 0.30 0.54 0.18 0.28
1jyoE 0.29 0.59 0.28 0.72 0.00 0.49 0.41 0.10
1oeyJ 0.44 0.79 0.49 0.21 0.30 0.60 0.13 0.27
1r57A 0.61 0.73 0.38 0.26 0.35 0.56 0.22 0.23
1ul7A 0.55 0.83 0.43 0.28 0.28 0.48 0.25 0.26
1xer_ 0.41 0.80 0.81 0.06 0.13 0.83 0.06 0.11
1kcqA 0.61 0.87 0.49 0.25 0.26 0.53 0.21 0.25
1r7lA 0.44 0.83 0.54 0.27 0.18 0.53 0.28 0.18
1s79A 0.41 0.79 0.42 0.33 0.25 0.55 0.22 0.22
1jrmA 0.44 0.81 0.50 0.25 0.25 0.58 0.26 0.16
1kvnA 0.60 0.83 0.61 0.30 0.10 0.57 0.31 0.12
1o0pA 0.64 0.78 0.45 0.27 0.28 0.50 0.31 0.19
1p1tA 0.46 0.75 0.55 0.19 0.26 0.57 0.29 0.14
1kptA 0.38 0.72 0.62 0.26 0.12 0.58 0.24 0.18
1mfwA 0.49 0.79 0.60 0.16 0.24 0.72 0.12 0.15
1n6zA 0.32 0.73 0.49 0.31 0.20 0.46 0.27 0.28
1oj5A 0.31 0.77 0.47 0.27 0.27 0.45 0.24 0.31
2pldA 0.59 0.82 0.52 0.18 0.30 0.65 0.16 0.19
1k3sA 0.43 0.85 0.42 0.36 0.22 0.44 0.36 0.20
1l1pA 0.42 0.75 0.61 0.07 0.32 0.58 0.08 0.34
1naqA 0.47 0.78 0.34 0.37 0.29 0.37 0.28 0.35
1tuwA 0.30 0.70 0.46 0.41 0.13 0.48 0.28 0.24
1tz0A 0.44 0.66 0.51 0.23 0.26 0.66 0.12 0.22
1kr4A 0.45 0.79 0.35 0.33 0.33 0.43 0.23 0.34
1nnvA 0.28 0.66 0.49 0.31 0.21 0.48 0.22 0.30
1s1gA 0.37 0.79 0.38 0.44 0.18 0.47 0.39 0.14
1v74A 0.38 0.75 0.62 0.21 0.18 0.57 0.30 0.13
2sicI 0.33 0.79 0.55 0.09 0.36 0.56 0.17 0.27
1kafA 0.39 0.69 0.32 0.45 0.22 0.44 0.32 0.23
1kkgA 0.48 0.81 0.31 0.44 0.24 0.44 0.39 0.18
1n91A 0.54 0.82 0.54 0.23 0.23 0.66 0.19 0.16
1nz0A 0.63 0.82 0.42 0.41 0.18 0.41 0.38 0.21
1oapA 0.42 0.87 0.42 0.42 0.17 0.45 0.38 0.17
1sjrA 0.56 0.79 0.52 0.18 0.31 0.62 0.18 0.20
1ju5A 0.57 0.83 0.56 0.17 0.28 0.64 0.13 0.23
1p57A 0.32 0.50 0.47 0.26 0.26 0.68 0.13 0.19
1nynA 0.39 0.80 0.54 0.25 0.21 0.56 0.25 0.19
1unnC 0.50 0.76 0.45 0.43 0.12 0.49 0.31 0.21
1l4dB 0.36 0.84 0.43 0.20 0.38 0.47 0.12 0.41
1lq9A 0.52 0.70 0.51 0.37 0.12 0.47 0.28 0.25
1omsA 0.35 0.87 0.35 0.43 0.22 0.43 0.34 0.23
1q53A 0.56 0.78 0.37 0.38 0.25 0.45 0.30 0.25
1sf8A 0.37 0.78 0.39 0.50 0.11 0.53 0.35 0.12
1owxA 0.42 0.78 0.41 0.36 0.23 0.54 0.29 0.17
1pz4A 0.51 0.75 0.35 0.40 0.25 0.50 0.32 0.19
1v9jA 0.49 0.76 0.41 0.44 0.15 0.45 0.30 0.25
1jidA 0.53 0.86 0.59 0.24 0.18 0.71 0.18 0.11
1ll8A 0.31 0.55 0.50 0.20 0.30 0.60 0.18 0.23
1p97A 0.41 0.77 0.39 0.21 0.39 0.54 0.20 0.26
1jyaA 0.33 0.60 0.48 0.50 0.03 0.55 0.23 0.22
1q5vA 0.37 0.83 0.25 0.37 0.37 0.37 0.34 0.29
1pbjA 0.45 0.73 0.48 0.27 0.25 0.68 0.22 0.09
1pbjA 0.45 0.73 0.48 0.27 0.25 0.68 0.22 0.09
1skoB 0.33 0.71 0.41 0.41 0.18 0.46 0.30 0.24
1kmdA 0.51 0.85 0.44 0.33 0.23 0.46 0.31 0.23
1tluA 0.54 0.83 0.35 0.25 0.40 0.44 0.22 0.34
1l2mA 0.39 0.71 0.53 0.16 0.31 0.55 0.13 0.32
1lrrA 0.32 0.81 0.29 0.64 0.08 0.45 0.53 0.03
1myo_ 0.33 0.88 0.46 0.54 0.00 0.54 0.46 0.00
1nbuA 0.52 0.83 0.37 0.31 0.32 0.42 0.26 0.31
1q8rA 0.39 0.81 0.43 0.25 0.31 0.52 0.23 0.25
1ttwA 0.34 0.66 0.36 0.52 0.13 0.48 0.27 0.25
1vjhA 0.37 0.76 0.42 0.18 0.40 0.44 0.28 0.28
1jj2F 0.47 0.76 0.34 0.54 0.13 0.48 0.42 0.10
1nz8A 0.37 0.72 0.42 0.21 0.37 0.51 0.26 0.23
1s66L 0.50 0.75 0.39 0.32 0.29 0.46 0.22 0.32
1skoA 0.44 0.62 0.40 0.20 0.39 0.45 0.36 0.18
1t6aA 0.29 0.66 0.53 0.25 0.22 0.47 0.34 0.19
1mwwA 0.43 0.87 0.45 0.31 0.24 0.50 0.30 0.20
1u9dA 0.51 0.82 0.41 0.31 0.28 0.53 0.28 0.18
1k1gA 0.39 0.84 0.50 0.34 0.16 0.48 0.35 0.16
1nr3A 0.26 0.65 0.37 0.50 0.13 0.48 0.36 0.16
1r28A 0.42 0.77 0.28 0.58 0.14 0.43 0.47 0.11
1regX 0.34 0.71 0.48 0.32 0.20 0.52 0.30 0.18
1lr0A 0.42 0.71 0.56 0.28 0.16 0.41 0.50 0.09
1mhdA 0.33 0.85 0.61 0.31 0.08 0.63 0.34 0.03
1opy_ 0.43 0.78 0.45 0.31 0.24 0.46 0.24 0.30
1qbeA 0.33 0.76 0.62 0.15 0.23 0.47 0.17 0.36
1qndA 0.33 0.72 0.38 0.37 0.24 0.64 0.20 0.15
1qd9A 0.61 0.78 0.40 0.29 0.31 0.59 0.22 0.19
1s7iA 0.31 0.78 0.48 0.25 0.27 0.45 0.28 0.27
1kllA 0.39 0.80 0.45 0.25 0.30 0.55 0.17 0.28
1otgA 0.41 0.84 0.46 0.30 0.24 0.42 0.30 0.29
1r9cA 0.45 0.79 0.46 0.24 0.30 0.55 0.18 0.26
1yprA 0.45 0.80 0.41 0.29 0.30 0.46 0.32 0.22
1psuA 0.47 0.70 0.27 0.29 0.44 0.49 0.24 0.27
1tp6A 0.38 0.72 0.41 0.33 0.26 0.42 0.25 0.33
2if1_ 0.38 0.87 0.60 0.19 0.21 0.66 0.14 0.20
1s28A 0.30 0.72 0.50 0.25 0.25 0.51 0.28 0.20
1of5B 0.33 0.70 0.40 0.32 0.28 0.43 0.26 0.31
1qo3C 0.47 0.81 0.57 0.16 0.27 0.65 0.14 0.21
1mut_ 0.39 0.74 0.43 0.20 0.37 0.56 0.13 0.31
1s5uA 0.41 0.81 0.29 0.23 0.47 0.49 0.20 0.31
1uuzA 0.43 0.80 0.53 0.29 0.18 0.51 0.25 0.24
2afpA 0.39 0.79 0.53 0.16 0.32 0.64 0.13 0.22
1jyoA 0.37 0.68 0.38 0.49 0.13 0.39 0.36 0.25
1njkA 0.49 0.78 0.32 0.21 0.47 0.50 0.18 0.32
1pf5A 0.54 0.76 0.42 0.28 0.30 0.53 0.25 0.22
1u7iA 0.45 0.78 0.47 0.18 0.35 0.62 0.12 0.25
1ml8A 0.48 0.89 0.35 0.31 0.34 0.37 0.32 0.31
1ocsA 0.47 0.87 0.46 0.32 0.22 0.48 0.31 0.21
1p0zA 0.40 0.80 0.34 0.38 0.27 0.53 0.28 0.19
1tuhA 0.46 0.83 0.37 0.31 0.33 0.38 0.31 0.31
1kt9A 0.54 0.81 0.40 0.24 0.36 0.45 0.22 0.33
1kuh_ 0.32 0.62 0.56 0.23 0.21 0.50 0.28 0.22
1nxiA 0.29 0.66 0.32 0.64 0.04 0.43 0.36 0.20
1usuB 0.44 0.89 0.35 0.29 0.36 0.37 0.30 0.33
1m4jA 0.53 0.83 0.39 0.34 0.27 0.50 0.29 0.20
1ry9A 0.38 0.89 0.40 0.38 0.23 0.46 0.32 0.22
1lqkA 0.37 0.81 0.46 0.23 0.31 0.54 0.21 0.25
1q48A 0.36 0.76 0.44 0.41 0.15 0.54 0.31 0.14
1qmtA 0.46 0.78 0.61 0.17 0.22 0.60 0.17 0.23
1tbd_ 0.27 0.65 0.37 0.54 0.10 0.57 0.25 0.17
1uzxA 0.35 0.69 0.51 0.26 0.23 0.58 0.23 0.19
1neeA 0.23 0.67 0.44 0.36 0.20 0.63 0.21 0.16
1o0iA 0.54 0.70 0.27 0.29 0.44 0.56 0.19 0.24
1s5aA 0.43 0.66 0.42 0.28 0.30 0.56 0.18 0.27
1kg0C 0.30 0.57 0.53 0.11 0.36 0.57 0.13 0.29
1ojgA 0.34 0.74 0.31 0.43 0.26 0.51 0.35 0.14
1r62A 0.36 0.84 0.29 0.34 0.38 0.42 0.30 0.28
1svjA 0.38 0.83 0.45 0.35 0.20 0.46 0.34 0.21
1twuA 0.34 0.82 0.53 0.19 0.28 0.56 0.20 0.24
1u1zA 0.37 0.72 0.39 0.18 0.44 0.58 0.17 0.25
1ukxA 0.43 0.87 0.46 0.37 0.17 0.49 0.31 0.20
1r9wA 0.30 0.69 0.33 0.57 0.10 0.48 0.33 0.19
1rpuA 0.23 0.62 0.54 0.33 0.13 0.44 0.35 0.21
1t82A 0.41 0.70 0.37 0.30 0.33 0.49 0.20 0.30
1jkgA 0.49 0.80 0.40 0.28 0.32 0.40 0.27 0.33
1sgoA 0.26 0.80 0.47 0.41 0.12 0.64 0.27 0.09
1jj2D 0.26 0.78 0.47 0.26 0.27 0.56 0.23 0.21
1jw3A 0.34 0.81 0.36 0.22 0.42 0.42 0.23 0.35
1q2yA 0.39 0.69 0.34 0.34 0.32 0.51 0.27 0.21
1qwiA 0.43 0.76 0.41 0.24 0.35 0.48 0.21 0.31
1r1mA 0.42 0.77 0.41 0.33 0.26 0.41 0.40 0.19
1vjlA 0.28 0.77 0.34 0.28 0.38 0.47 0.27 0.26
1wmyA 0.39 0.78 0.56 0.16 0.27 0.64 0.16 0.20
1k3eA 0.27 0.74 0.39 0.21 0.40 0.38 0.35 0.28
1l0oA 0.46 0.91 0.40 0.33 0.28 0.40 0.33 0.27
1lqlA 0.39 0.86 0.36 0.26 0.38 0.41 0.28 0.30
1nu3A 0.39 0.73 0.40 0.29 0.30 0.53 0.20 0.27
1o50A 0.38 0.69 0.39 0.37 0.24 0.57 0.29 0.14
1o50A 0.38 0.69 0.39 0.37 0.24 0.57 0.29 0.14
1oz9A 0.42 0.87 0.38 0.50 0.11 0.37 0.46 0.17
1pc6A 0.33 0.72 0.37 0.53 0.10 0.37 0.45 0.18
1n2fA 0.51 0.87 0.41 0.27 0.32 0.44 0.27 0.30
1q4sA 0.55 0.76 0.38 0.19 0.43 0.56 0.18 0.26
1sjwA 0.39 0.79 0.43 0.28 0.29 0.51 0.24 0.25
2proA 0.29 0.80 0.33 0.49 0.18 0.44 0.39 0.17
2proA 0.29 0.80 0.33 0.49 0.18 0.44 0.39 0.17
1ss4A 0.36 0.71 0.52 0.19 0.29 0.59 0.15 0.27
1veaA 0.26 0.65 0.53 0.31 0.16 0.38 0.36 0.26
1kppA 0.42 0.81 0.55 0.25 0.20 0.48 0.25 0.27
1q7hA 0.29 0.66 0.47 0.22 0.31 0.72 0.16 0.12
1tu1A 0.35 0.74 0.49 0.23 0.28 0.35 0.19 0.45
1r14A 0.30 0.76 0.47 0.27 0.26 0.59 0.30 0.12
1o22A 0.21 0.54 0.47 0.42 0.11 0.56 0.11 0.33
1ri7A 0.31 0.82 0.34 0.42 0.25 0.50 0.32 0.18
1nrjA 0.30 0.78 0.50 0.38 0.12 0.51 0.31 0.18
1s3zA 0.51 0.80 0.32 0.35 0.33 0.50 0.29 0.20
1smbA 0.41 0.77 0.46 0.40 0.14 0.46 0.35 0.18
1vkbA 0.34 0.80 0.59 0.13 0.29 0.56 0.12 0.32
1jrkA 0.38 0.76 0.41 0.22 0.37 0.47 0.22 0.31
1uuhA 0.22 0.78 0.61 0.12 0.27 0.61 0.09 0.30
1v2bA 0.34 0.77 0.49 0.16 0.35 0.53 0.09 0.37
1jnrB 0.27 0.72 0.73 0.13 0.13 0.74 0.08 0.18
1q6wA 0.44 0.78 0.43 0.21 0.36 0.57 0.15 0.28
1udmA 0.38 0.75 0.42 0.28 0.30 0.54 0.26 0.19
1xfsA 0.52 0.71 0.40 0.26 0.34 0.54 0.26 0.19
1jj2Q 0.37 0.73 0.56 0.31 0.13 0.49 0.26 0.25
1qsmA 0.45 0.82 0.34 0.38 0.28 0.47 0.30 0.23
1rlhA 0.33 0.79 0.48 0.23 0.29 0.56 0.20 0.25
1v6fA 0.50 0.73 0.47 0.28 0.25 0.44 0.26 0.30
1on0A 0.38 0.76 0.28 0.46 0.26 0.47 0.38 0.15
1pzvA 0.47 0.88 0.47 0.33 0.20 0.55 0.31 0.14
1squA 0.45 0.84 0.41 0.35 0.24 0.35 0.34 0.32
1u69A 0.46 0.78 0.41 0.35 0.24 0.55 0.26 0.19
1v7oA 0.42 0.80 0.45 0.24 0.30 0.49 0.25 0.26
1pinA 0.32 0.75 0.57 0.31 0.12 0.65 0.20 0.15
1sh8A 0.34 0.85 0.38 0.29 0.33 0.45 0.27 0.28
1jj2V 0.34 0.84 0.49 0.36 0.16 0.64 0.31 0.05
1of5A 0.39 0.80 0.51 0.21 0.28 0.51 0.18 0.31
1sjyA 0.41 0.71 0.48 0.23 0.29 0.42 0.20 0.38
1jy8A 0.40 0.74 0.38 0.32 0.30 0.46 0.30 0.25
1jyhA 0.35 0.88 0.41 0.24 0.35 0.43 0.19 0.38
1q5fA 0.25 0.76 0.57 0.24 0.19 0.54 0.28 0.19
1qmyA 0.33 0.68 0.55 0.22 0.23 0.60 0.19 0.21
1mk4A 0.42 0.76 0.40 0.34 0.25 0.48 0.28 0.24
1odhA 0.28 0.82 0.65 0.13 0.22 0.66 0.11 0.24
1rylA 0.34 0.71 0.37 0.60 0.03 0.45 0.42 0.13
1vhh_ 0.40 0.79 0.62 0.20 0.18 0.65 0.22 0.13
1mw5A 0.21 0.59 0.43 0.48 0.09 0.45 0.43 0.12
1jvwA 0.32 0.82 0.53 0.21 0.26 0.55 0.26 0.19
1ryaA 0.30 0.76 0.49 0.23 0.28 0.54 0.17 0.28
1m5xA 0.34 0.76 0.31 0.43 0.26 0.37 0.47 0.16
1vhsA 0.32 0.67 0.36 0.39 0.25 0.59 0.24 0.17
1vjfA 0.36 0.81 0.48 0.27 0.25 0.61 0.19 0.19
1pbuA 0.40 0.80 0.52 0.28 0.20 0.54 0.30 0.17
1std_ 0.27 0.52 0.43 0.40 0.18 0.45 0.27 0.28
1lg7A 0.34 0.77 0.48 0.29 0.23 0.48 0.23 0.29
1q40A 0.28 0.70 0.45 0.29 0.26 0.59 0.18 0.23
1lckA 0.41 0.86 0.65 0.11 0.24 0.62 0.10 0.29
1wlfA 0.26 0.74 0.40 0.18 0.43 0.52 0.15 0.33
1jtgB 0.24 0.71 0.75 0.06 0.19 0.67 0.12 0.21
1s21A 0.24 0.61 0.45 0.33 0.22 0.57 0.16 0.27
1s3lA 0.34 0.81 0.42 0.23 0.35 0.52 0.22 0.26
1t5yA 0.28 0.65 0.48 0.23 0.28 0.63 0.23 0.14
1v8cA 0.26 0.69 0.46 0.41 0.13 0.47 0.27 0.27
1v8cA 0.26 0.69 0.46 0.41 0.13 0.47 0.27 0.27
1l3aA 0.28 0.75 0.48 0.19 0.33 0.39 0.17 0.43
1tiqA 0.46 0.69 0.33 0.44 0.23 0.55 0.29 0.16
1k8kF 0.33 0.81 0.35 0.45 0.20 0.46 0.43 0.12
1ohtA 0.42 0.80 0.59 0.25 0.16 0.74 0.15 0.11
1kcgC 0.34 0.75 0.42 0.38 0.20 0.44 0.35 0.21
1l8jA 0.33 0.75 0.39 0.34 0.27 0.41 0.33 0.26
1nqyA 0.34 0.72 0.51 0.15 0.34 0.49 0.19 0.32
1mkaA 0.45 0.74 0.47 0.14 0.39 0.59 0.18 0.23
1oqvA 0.32 0.76 0.51 0.39 0.11 0.60 0.27 0.13
1q27A 0.42 0.71 0.49 0.23 0.28 0.59 0.19 0.22
1td5A 0.44 0.78 0.38 0.40 0.22 0.54 0.32 0.13
1u8sA 0.32 0.81 0.33 0.30 0.36 0.36 0.29 0.35
1u8sA 0.32 0.81 0.33 0.30 0.36 0.36 0.29 0.35
1nslA 0.36 0.75 0.30 0.39 0.31 0.52 0.29 0.18
1u3eM 0.24 0.74 0.49 0.22 0.29 0.55 0.22 0.22
1u3eM 0.24 0.74 0.49 0.22 0.29 0.55 0.22 0.22
1jymA 0.25 0.63 0.48 0.22 0.30 0.55 0.23 0.23
1m44A 0.32 0.73 0.42 0.28 0.30 0.54 0.22 0.24
1uliB 0.38 0.82 0.42 0.21 0.37 0.53 0.19 0.29
1viuA 0.30 0.79 0.38 0.19 0.43 0.51 0.17 0.32
1lmhA 0.32 0.62 0.52 0.18 0.30 0.63 0.18 0.19
1pvmA 0.33 0.72 0.47 0.33 0.20 0.64 0.24 0.12
1pvmA 0.33 0.72 0.47 0.33 0.20 0.64 0.24 0.12
1qu6A 0.30 0.87 0.49 0.31 0.21 0.48 0.30 0.22
1qu6A 0.30 0.87 0.49 0.31 0.21 0.48 0.30 0.22
1vhgA 0.30 0.71 0.43 0.20 0.37 0.58 0.15 0.28
1jkgB 0.30 0.81 0.50 0.26 0.24 0.52 0.25 0.23
1k4nA 0.31 0.74 0.46 0.32 0.22 0.53 0.26 0.21
1rhyA 0.36 0.86 0.32 0.35 0.33 0.37 0.32 0.31
1rhyA 0.36 0.86 0.32 0.35 0.33 0.37 0.32 0.31
1u4hA 0.45 0.76 0.34 0.48 0.18 0.49 0.39 0.13
1p32A 0.30 0.89 0.40 0.35 0.25 0.46 0.34 0.21
1rr9A 0.36 0.84 0.36 0.37 0.27 0.43 0.29 0.29
1su1A 0.40 0.79 0.44 0.24 0.32 0.61 0.14 0.25
1s7hA 0.32 0.76 0.45 0.36 0.19 0.41 0.31 0.28
1vz0A 0.29 0.84 0.37 0.56 0.07 0.39 0.52 0.09
1mk1A 0.31 0.83 0.45 0.20 0.35 0.51 0.19 0.30
1ukfA 0.39 0.84 0.44 0.37 0.19 0.45 0.38 0.16
1lm5A 0.29 0.85 0.51 0.39 0.10 0.61 0.37 0.03
1tljA 0.29 0.84 0.37 0.42 0.21 0.46 0.40 0.14
1tuaA 0.29 0.86 0.38 0.47 0.15 0.38 0.48 0.14
1tuaA 0.29 0.86 0.38 0.47 0.15 0.38 0.48 0.14
1qcsA 0.28 0.73 0.48 0.10 0.42 0.65 0.07 0.28
1vjnA 0.34 0.72 0.51 0.13 0.36 0.64 0.10 0.26
1pp0A 0.27 0.67 0.32 0.30 0.38 0.46 0.26 0.28
1k4jA 0.38 0.69 0.49 0.32 0.19 0.53 0.28 0.18
1m55A 0.32 0.73 0.48 0.37 0.15 0.45 0.37 0.18
1ndoB 0.34 0.79 0.46 0.20 0.34 0.51 0.23 0.26
1jj2L 0.27 0.81 0.62 0.23 0.15 0.61 0.29 0.10
1m4vA 0.30 0.79 0.51 0.15 0.34 0.52 0.16 0.32
1ro5A 0.31 0.76 0.42 0.31 0.27 0.55 0.26 0.19
1ocyA 0.22 0.75 0.78 0.09 0.14 0.78 0.06 0.16
1qm9A 0.25 0.78 0.53 0.21 0.26 0.59 0.19 0.22
1qm9A 0.25 0.78 0.53 0.21 0.26 0.59 0.19 0.22
1rypK 0.37 0.86 0.41 0.33 0.25 0.46 0.32 0.22
1jssA 0.37 0.85 0.41 0.21 0.39 0.49 0.21 0.31
1k7jA 0.30 0.80 0.50 0.29 0.22 0.67 0.20 0.14
1kq4A 0.28 0.77 0.33 0.49 0.19 0.45 0.40 0.15
