G G
2   1.627   2.499   4.000
3   0.501  -0.441  -0.806
4   4.000  -0.304   0.433
G A
2   0.422   0.907   4.000
3   0.292  -0.276  -0.764
4   4.000   0.668   0.320
G S
2   1.198   1.339   4.000
3   0.773  -0.366  -0.908
4   4.000   0.113   0.231
G C
2   0.789   1.111   4.000
3   0.561  -0.263  -0.829
4   4.000   0.139   0.080
G V
2   0.719   1.649   4.000
3   0.724  -0.065  -1.297
4   4.000   0.546  -0.175
G T
2   1.102   2.277   4.000
3   0.633  -0.258  -1.149
4   4.000  -0.084   0.093
G I
2   0.471   1.439   4.000
3   0.755  -0.050  -1.147
4   4.000   0.732  -0.158
G P
2   1.759   3.342   4.000
3  -0.129  -0.500  -0.656
4   4.000   0.118   0.551
G M
2   0.375   0.547   4.000
3   0.431  -0.158  -0.992
4   4.000   0.724   0.121
G D
2   1.220   1.831   4.000
3   0.609  -0.452  -1.194
4   4.000   0.053   0.948
G N
2   1.200   1.050   4.000
3   0.855  -0.436  -0.991
4   4.000  -0.035   0.660
G L
2   0.288   0.519   4.000
3   0.624  -0.160  -0.884
4   4.000   0.807   0.133
G K
2   0.958   1.068   4.000
3   0.811  -0.334  -1.392
4   4.000   0.962   0.501
G E
2   0.700   0.928   4.000
3   0.104  -0.289  -1.307
4   4.000   0.986   0.497
G Q
2   0.547   0.574   4.000
3   0.379  -0.235  -1.422
4   4.000   0.783   0.569
G R
2   0.712   0.956   4.000
3   0.499  -0.270  -1.207
4   4.000   0.807   0.292
G H
2   1.142   1.187   4.000
3   0.376  -0.314  -1.128
4   4.000   0.119   0.242
G F
2   0.677   1.521  -2.870
3   0.980  -0.135  -0.941
4   4.000   0.406  -0.179
G Y
2   0.937   1.353   4.000
3   0.774  -0.152  -1.054
4   4.000   0.190  -0.176
G W
2   0.685   2.418   4.000
3   0.348  -0.160  -1.292
4   4.000   0.963   0.015
A G
2   0.515   0.768   4.000
3   0.166  -0.377  -0.253
4   4.000   0.062   0.565
A A
2  -0.647  -0.829  -2.007
3  -0.387   0.349   0.991
4   4.000   0.682   0.548
A S
2  -0.018  -0.401   4.000
3  -0.147  -0.097   0.553
4   4.000  -0.290   0.327
A C
2  -0.221  -0.415   4.000
3   0.485   0.091   0.636
4   4.000  -0.084   0.053
A V
2  -0.405   0.121   4.000
3   0.234   0.630   0.543
4   4.000   0.174  -0.413
A T
2  -0.024  -0.044   4.000
3   0.158   0.059   0.490
4   4.000  -0.312  -0.095
A I
2  -0.605  -0.079   4.000
3   0.414   0.751   0.787
4   4.000   0.509  -0.275
A P
2   1.374   4.162   4.000
3  -0.520  -0.431   0.041
4   4.000  -0.206   0.275
A M
2  -0.630  -0.508   4.000
3   0.105   0.386   0.690
4   4.000   0.844   0.241
A D
2   0.036   0.065   4.000
3  -0.624  -0.269   0.526
4   4.000  -0.121   0.956
A N
2  -0.047  -0.669   4.000
3  -0.014  -0.173   0.228
4   4.000  -0.149   0.752
A L
2  -0.694  -0.925   4.000
3   0.178   0.558   0.859
4   4.000   0.708   0.248
A K
2  -0.462  -0.803   4.000
3  -0.203   0.136   0.588
4   4.000   0.517   0.527
A E
2  -0.506  -0.548  -2.263
3  -0.925   0.194   0.669
4   4.000   0.669   0.603
A Q
2  -0.541  -0.742   4.000
3  -0.448   0.210   0.705
4   4.000   0.532   0.581
A R
2  -0.544  -0.709   4.000
3  -0.121   0.244   0.700
4   4.000   0.626   0.399
A H
2  -0.215  -0.640   4.000
3  -0.096   0.012   0.666
4   4.000   0.256   0.254
A F
2  -0.480   0.069   4.000
3   0.063   0.380   0.459
4   4.000   0.495  -0.085
A Y
2  -0.385  -0.116   4.000
3   0.307   0.338   0.614
4   4.000   0.346  -0.177
A W
2  -0.576   0.362   4.000
3   0.083   0.480   0.598
4   4.000   0.494  -0.073
S G
2   1.288   1.377   4.000
3   1.005  -0.492  -0.090
4   4.000  -0.173   0.451
S A
2  -0.064  -0.079   4.000
3  -0.126  -0.120   0.196
4   4.000   0.379   0.305
S S
2   0.640   0.558   4.000
3   0.174  -0.370   0.084
4   4.000  -0.088   0.364
S C
2   0.688   0.467   4.000
3   0.477  -0.134  -0.034
4   4.000   0.055  -0.305
S V
2   0.260   0.485   4.000
3   0.391   0.135   0.195
4   4.000   0.307  -0.511
S T
2   0.443   0.905   4.000
3   0.185  -0.220  -0.166
4   4.000  -0.381   0.134
S I
2   0.024   0.170   4.000
3   0.315   0.176   0.136
4   4.000   0.430  -0.394
S P
2   2.300   4.082   4.000
3   0.956  -0.603   0.694
4   4.000  -0.003   0.491
S M
2  -0.144  -0.607   4.000
3   0.408   0.074  -0.008
4   4.000   0.530   0.010
S D
2   0.616   1.174   4.000
3  -0.321  -0.481   0.245
4   4.000  -0.058   1.078
S N
2   0.621   0.053  -3.196
3   0.249  -0.423   0.032
4   4.000   0.044   0.682
S L
2  -0.114  -0.381  -2.292
3   0.397   0.006   0.287
4   4.000   0.362   0.039
S K
2   0.253  -0.561   4.000
3  -0.069  -0.291   0.010
4   4.000   0.723   0.537
S E
2   0.121  -0.009   4.000
3  -0.474  -0.288   0.004
4   4.000   0.921   0.684
S Q
2   0.065  -0.390   4.000
3   0.025  -0.231   0.020
4   4.000   0.658   0.520
S R
2   0.061  -0.437   4.000
3   0.117  -0.199   0.010
4   4.000   0.206   0.486
S H
2   0.355   0.329   4.000
3   0.485  -0.232  -0.438
4   4.000  -0.194   0.291
S F
2   0.202   1.390   4.000
3   0.819   0.058   0.075
4   4.000   0.170  -0.404
S Y
2   0.198   0.817   4.000
3   0.158   0.031   0.046
4   4.000   0.081  -0.307
S W
2   0.206   1.007   4.000
3   0.018   0.018   0.010
4   4.000   0.180  -0.297
C G
2   1.336   1.066   4.000
3   0.277  -0.385  -0.125
4   4.000  -0.632   0.225
C A
2  -0.152   0.099   4.000
3   0.213   0.111   0.527
4   4.000  -0.297  -0.062
C S
2   0.706   0.352   4.000
3   0.831  -0.218   0.875
4   4.000  -0.771  -0.063
C C
2   0.529   0.213   4.000
3   0.559  -0.099   0.737
4   4.000  -0.372  -0.286
C V
2   0.114   1.263   4.000
3   0.580   0.473   0.443
4   4.000  -0.049  -0.720
C T
2   0.779   0.492   4.000
3   0.954  -0.083   0.523
4   4.000  -0.894  -0.301
C I
2   0.104   0.100   4.000
3   1.208   0.456   0.287
4   4.000  -0.099  -0.670
C P
2   2.485   4.000   4.000
3   1.062  -0.547   0.526
4   4.000  -0.849   0.553
C M
2  -0.122  -0.132   4.000
3   0.283   0.204   0.391
4   4.000  -0.346  -0.196
C D
2   0.577   0.721   4.000
3   0.289  -0.302   1.044
4   4.000  -0.929   0.353
C N
2   0.540   1.242   4.000
3   0.441  -0.213  -0.026
4   4.000  -0.906   0.183
C L
2  -0.218  -0.065   4.000
3   1.009   0.368   0.568
4   4.000  -0.297  -0.348
C K
2  -0.037   0.174   4.000
3   0.877   0.023   0.985
4   4.000  -0.231  -0.136
C E
2  -0.099   0.025   4.000
3   0.466   0.017   0.906
4   4.000  -0.108  -0.042
C Q
2  -0.130   0.092   4.000
3   0.721   0.075   1.389
4   4.000  -0.367  -0.098
C R
2  -0.043  -0.055   4.000
3   0.648   0.066   0.520
4   4.000  -0.525  -0.067
C H
2   0.278   1.302   4.000
3   0.330  -0.217   0.621
4   4.000  -0.441   0.134
C F
2   0.082   1.097   4.000
3   1.394   0.215   0.299
4   4.000   0.153  -0.529
C Y
2   0.245   0.747   4.000
3   0.287   0.284   0.801
4   4.000  -0.175  -0.635
C W
2   0.470   0.172   4.000
3  -0.106   0.179   1.101
4   4.000  -0.116  -0.617
V G
2   0.703   1.295   4.000
3   0.182  -0.088   0.033
4   4.000  -0.741  -0.250
V A
2  -0.370  -0.153   4.000
3  -0.001   0.544   0.779
4   4.000  -0.073  -0.337
V S
2   0.319   0.415   4.000
3  -0.118   0.161   0.849
4   4.000  -0.972  -0.357
V C
2   0.181   0.498   4.000
3   1.067   0.375   0.888
4   4.000  -0.710  -0.609
V V
2   0.278   1.040   4.000
3   0.863   0.780   1.322
4   4.000  -0.204  -0.947
V T
2   0.486   0.807   4.000
3   0.547   0.378   1.098
4   4.000  -0.966  -0.687
V I
2   0.066   1.077   4.000
3   0.814   0.874   1.282
4   4.000  -0.097  -0.908
V P
2   1.606   4.000   4.000
3  -0.275  -0.206  -0.130
4   4.000  -1.028  -0.150
V M
2  -0.250   0.092   4.000
3   0.672   0.686   0.706
4   4.000   0.098  -0.611
V D
2   0.347   0.889   4.000
3  -0.298  -0.073   1.247
4   4.000  -1.095   0.034
V N
2   0.141   0.220   4.000
3   0.192   0.017   0.907
4   4.000  -0.841  -0.081
V L
2  -0.226  -0.188   4.000
3   0.740   0.715   1.314
4   4.000  -0.176  -0.624
V K
2  -0.141   0.125   4.000
3   0.070   0.367   0.959
4   4.000  -0.516  -0.372
V E
2  -0.212   0.340   4.000
3  -0.633   0.412   1.176
4   4.000  -0.307  -0.339
V Q
2  -0.261  -0.021   4.000
3  -0.214   0.428   1.036
4   4.000  -0.017  -0.369
V R
2  -0.244   0.142   4.000
3   0.331   0.538   0.797
4   4.000  -0.229  -0.480
V H
2   0.335   0.443   4.000
3   0.142   0.285   1.113
4   4.000  -0.797  -0.569
V F
2   0.150   0.453   4.000
3   0.488   0.637   1.029
4   4.000  -0.006  -0.830
V Y
2   0.208   1.151   4.000
3   0.149   0.631   1.014
4   4.000  -0.226  -0.835
V W
2   0.148   1.085   4.000
3   0.113   0.698   1.097
4   4.000  -0.253  -0.837
T G
2   1.206   1.873   4.000
3   0.715  -0.457  -0.169
4   4.000  -0.207   0.359
T A
2  -0.169   0.557   4.000
3  -0.088   0.077   0.126
4   4.000  -0.169   0.039
T S
2   0.584   0.826   4.000
3   0.345  -0.255  -0.226
4   4.000  -0.551   0.189
T C
2   0.587   0.766   4.000
3   1.874   0.001   0.191
4   4.000  -0.369  -0.469
T V
2   0.292   1.126   4.000
3   0.459   0.437   0.255
4   4.000   0.005  -0.764
T T
2   0.470   1.267   4.000
3   0.008  -0.120   0.017
4   4.000  -0.498  -0.121
T I
2   0.073   1.042   4.000
3   0.378   0.473   0.690
4   4.000  -0.055  -0.701
T P
2   2.125   4.092   4.000
3   0.209  -0.469   0.062
4   4.000  -0.231   0.129
T M
2  -0.171   0.299   4.000
3   1.264   0.290   0.252
4   4.000   0.128  -0.378
T D
2   0.735   1.167   4.000
3  -0.090  -0.429   0.268
4   4.000  -0.605   0.769
T N
2   0.703   0.298   4.000
3   0.307  -0.367  -0.182
4   4.000  -0.483   0.532
T L
2  -0.153  -0.065  -2.296
3   0.653   0.229   0.617
4   4.000   0.263  -0.330
T K
2   0.190   0.213   4.000
3   0.242  -0.202  -0.180
4   4.000   0.607   0.176
T E
2   0.075   0.304   4.000
3  -0.583  -0.159  -0.153
4   4.000   0.231   0.373
T Q
2  -0.106   0.118   4.000
3   0.020  -0.022  -0.037
4   4.000   0.321   0.121
T R
2   0.061   0.386   4.000
3   0.195  -0.050   0.027
4   4.000   0.041  -0.029
T H
2   0.523   0.337   4.000
3   0.155  -0.166  -0.306
4   4.000  -0.166  -0.047
T F
2   0.184   0.631   4.000
3   0.754   0.288   0.376
4   4.000  -0.092  -0.607
T Y
2   0.318   0.934   4.000
3   0.432   0.211   0.176
4  -5.655  -0.062  -0.591
T W
2   0.273   1.760   4.000
3   0.160   0.238   0.124
4   4.000  -0.219  -0.573
I G
2   0.442   0.996   4.000
3   0.020  -0.040   0.101
4   4.000  -0.617  -0.224
I A
2  -0.496  -0.387   4.000
3   0.253   0.623   1.096
4   4.000   0.006  -0.261
I S
2   0.080   0.171   4.000
3   0.271   0.209   0.958
4   4.000  -0.911  -0.295
I C
2   0.007   0.185   4.000
3   0.887   0.571   0.708
4   4.000  -0.454  -0.665
I V
2   0.008   0.598   4.000
3   0.628   0.931   1.041
4   4.000  -0.131  -0.880
I T
2   0.293   0.558   4.000
3   0.591   0.363   1.316
4   4.000  -0.926  -0.609
I I
2  -0.152   0.396   4.000
3   0.628   0.839   1.276
4   4.000   0.213  -0.789
I P
2   1.383   4.118   4.000
3  -0.437  -0.206  -0.138
4   4.000  -0.914  -0.124
I M
2  -0.484  -0.485   4.000
3   0.076   0.894   1.743
4   4.000   0.105  -0.464
I D
2   0.078   0.333   4.000
3  -0.351   0.016   1.395
4   4.000  -1.017   0.093
I N
2  -0.018  -0.137   4.000
3   0.270   0.073   1.007
4   4.000  -0.828  -0.005
I L
2  -0.413  -0.468  -2.425
3   0.606   0.757   1.413
4   4.000   0.029  -0.478
I K
2  -0.335  -0.243   4.000
3   0.140   0.421   0.901
4   4.000  -0.367  -0.223
I E
2  -0.416   0.248   4.000
3  -0.601   0.502   1.522
4   4.000  -0.183  -0.221
I Q
2  -0.471  -0.121   4.000
3   0.294   0.514   1.448
4   4.000  -0.177  -0.215
I R
2  -0.414  -0.342   4.000
3   0.404   0.542   1.323
4   4.000  -0.076  -0.313
I H
2   0.008   0.073   4.000
3   0.471   0.449   0.985
4   4.000  -0.567  -0.562
I F
2  -0.027   0.010  -3.328
3   0.225   0.514   0.711
4   4.000  -0.013  -0.633
I Y
2  -0.093   0.413   4.000
3   0.351   0.685   1.188
4   4.000  -0.306  -0.697
I W
2  -0.230   0.925   4.000
3   0.752   0.626   1.266
4   4.000  -0.164  -0.618
P G
2   2.275   4.000   4.000
3  -0.018  -0.595  -0.065
4   4.000   0.032   0.734
P A
2   0.974   2.221   4.000
3  -1.124  -0.383  -0.103
4   4.000   0.394   0.384
P S
2   1.933   3.427   4.000
3  -0.598  -0.515   0.469
4   4.000  -0.291   0.456
P C
2   1.333   2.511   4.000
3   0.574  -0.274  -0.261
4   4.000  -0.262  -0.210
P V
2   1.239   2.354   4.000
3  -0.574  -0.030  -0.270
4   4.000   0.305  -0.558
P T
2   1.466   2.300   4.000
3  -0.464  -0.338  -0.089
4   4.000  -0.702   0.117
P I
2   1.016   1.874   4.000
3  -0.265  -0.074  -0.348
4   4.000   0.221  -0.461
P P
2   2.597   3.110   4.000
3   0.768  -0.540  -0.227
4   4.000   0.303   0.263
P M
2   0.735   2.606   4.000
3  -0.563  -0.192   0.085
4   4.000  -0.236  -0.136
P D
2   1.933   2.511   4.000
3  -0.970  -0.610   0.566
4   4.000   0.273   1.129
P N
2   2.164   1.792   4.000
3  -0.380  -0.585  -0.271
4   4.000  -0.020   0.956
P L
2   0.764   1.107   4.000
3  -0.750  -0.211  -0.213
4   4.000   0.064  -0.052
P K
2   1.410   1.358   4.000
3  -0.935  -0.437   0.016
4   4.000   0.475   0.301
P E
2   1.487   2.641   4.000
3  -1.708  -0.486   0.502
4   4.000   0.744   0.904
P Q
2   1.134   1.203   4.000
3  -1.234  -0.369  -0.095
4   4.000   0.229   0.347
P R
2   1.419   1.716   4.000
3  -0.780  -0.398   0.002
4   4.000   0.150   0.148
P H
2   1.352   1.023   4.000
3  -0.577  -0.371  -0.266
4   4.000   0.261   0.095
P F
2   1.114   1.732   4.000
3  -0.517  -0.272  -0.610
4   4.000   0.600  -0.078
P Y
2   1.186   1.564   4.000
3  -0.592  -0.277  -0.640
4   4.000   0.431  -0.046
P W
2   1.182   1.491   4.000
3  -0.109  -0.356  -0.525
4   4.000   0.584   0.049
M G
2   0.416   0.924  -3.873
3   0.100  -0.272  -0.057
4   4.000  -0.308   0.289
M A
2  -0.608  -0.564   4.000
3   0.601   0.367   1.058
4   4.000   0.519   0.187
M S
2   0.161  -0.335   4.000
3   0.307  -0.079   0.519
4   4.000  -0.544   0.073
M C
2  -0.161   0.011   4.000
3   1.630   0.255   0.065
4   4.000  -0.122  -0.283
M V
2  -0.227   0.237   4.000
3   0.458   0.605   0.761
4   4.000   0.203  -0.594
M T
2   0.050  -0.222   4.000
3   0.516   0.106   0.836
4   4.000  -0.689  -0.175
M I
2  -0.438  -0.007  -4.062
3   0.482   0.671   0.853
4   4.000   0.378  -0.441
M P
2   1.229   4.000   4.000
3  -0.259  -0.362   0.350
4   4.000  -0.489   0.067
M M
2  -0.446  -0.723   4.000
3  -0.369   0.259   0.899
4   4.000   0.935   0.126
M D
2   0.010  -0.045   4.000
3  -0.218  -0.147   1.213
4   4.000  -0.766   0.554
M N
2   0.111  -0.296   4.000
3   0.546  -0.128   0.530
4   4.000  -0.362   0.167
M L
2  -0.600  -0.802   4.000
3   1.012   0.639   1.201
4   4.000   0.277  -0.117
M K
2  -0.310  -0.320   4.000
3  -0.049   0.240   0.731
4   4.000   0.265  -0.102
M E
2  -0.337  -0.512   4.000
3  -0.458   0.150   1.538
4   4.000   0.239   0.134
M Q
2  -0.472  -0.733   4.000
3   0.375   0.299   0.985
4   4.000   0.615   0.049
M R
2  -0.366  -0.628   4.000
3   0.480   0.350   0.743
4   4.000   0.114  -0.145
M H
2  -0.190  -0.083   4.000
3   0.178   0.191   1.029
4   4.000  -0.216  -0.173
M F
2  -0.283   0.214   4.000
3   0.425   0.256   0.651
4   4.000   0.176  -0.226
M Y
2  -0.176  -0.097   4.000
3   0.200   0.271   0.427
4   4.000   0.114  -0.298
M W
2  -0.379   0.256   4.000
3   1.364   0.374   0.492
4   4.000  -0.283  -0.197
D G
2   1.438   1.562   4.000
3   0.930  -0.588  -0.816
4   4.000   0.928   1.241
D A
2  -0.204  -0.311   4.000
3  -0.247  -0.128  -0.560
4   4.000   0.905   0.968
D S
2   0.601   0.080   4.000
3  -0.202  -0.418  -0.521
4   4.000   0.490   0.910
D C
2   0.462   0.841   4.000
3   0.984  -0.230  -0.616
4   4.000  -0.046   0.146
D V
2   0.147   1.046   4.000
3   0.075   0.044  -0.881
4   4.000   0.323  -0.110
D T
2   0.402   0.616   4.000
3   0.121  -0.275  -0.668
4   4.000   0.077   0.437
D I
2  -0.069   0.728   4.000
3   0.316   0.077  -0.805
4   4.000   0.488  -0.003
D P
2   2.275   4.117   4.000
3   1.182  -0.694   0.977
4   4.000   0.688   0.965
D M
2  -0.188  -0.507   4.000
3   0.349  -0.099  -0.399
4   4.000   0.835   0.621
D D
2   0.505   0.992   4.000
3  -0.459  -0.484  -0.154
4   4.000   0.519   1.393
D N
2   0.699  -0.371   4.000
3   0.273  -0.496  -0.157
4   4.000   0.550   1.184
D L
2  -0.123  -0.157   4.000
3   0.474  -0.077  -0.340
4   4.000   0.223   0.388
D K
2   0.158  -0.239   4.000
3   0.011  -0.300  -0.673
4   4.000   1.096   0.948
D E
2   0.007   0.336   4.000
3  -0.846  -0.266  -0.476
4   4.000   0.880   1.256
D Q
2  -0.096  -0.168   4.000
3  -0.303  -0.230  -0.453
4   4.000   1.107   1.098
D R
2   0.062   0.076   4.000
3   0.104  -0.263  -0.715
4   4.000   0.987   0.886
D H
2   0.362  -0.173   4.000
3   0.007  -0.295  -0.661
4   4.000   0.387   0.636
D F
2   0.007   0.964   4.000
3   0.302  -0.090  -0.665
4   4.000   0.382   0.219
D Y
2   0.066   0.528   4.000
3   0.241  -0.111  -0.723
4   4.000   0.344   0.265
D W
2   0.083   0.494   4.000
3   0.423  -0.174  -0.575
4   4.000   0.543   0.322
N G
2   1.528   1.017   4.000
3   1.576  -0.580  -0.762
4   4.000   0.724   1.045
N A
2  -0.181  -0.528   4.000
3   0.364  -0.093  -0.410
4   4.000   0.893   0.584
N S
2   0.562   0.268   4.000
3   0.875  -0.399  -0.582
4   4.000   0.109   0.761
N C
2   0.575   0.584   4.000
3   0.475  -0.115  -0.856
4   4.000  -0.109  -0.072
N V
2   0.332   1.092  -2.916
3   0.897   0.041  -0.876
4   4.000   0.386  -0.293
N T
2   0.458   0.745   4.000
3   0.349  -0.246  -0.923
4   4.000   0.026   0.388
N I
2   0.065   0.632  -3.033
3   0.641   0.065  -0.739
4   4.000   0.436  -0.153
N P
2   2.076   3.919   4.000
3   1.626  -0.620   0.491
4   4.000   0.351   0.550
N M
2  -0.048   0.282   4.000
3   1.591  -0.085  -0.557
4   4.000   0.467   0.208
N D
2   0.475   0.101   4.000
3  -0.026  -0.466   0.008
4   4.000   0.331   1.218
N N
2   0.703  -0.090   4.000
3   0.774  -0.463  -0.512
4   4.000   0.736   0.885
N L
2  -0.086  -0.166  -2.640
3   0.662  -0.067  -0.264
4   4.000   0.497   0.210
N K
2   0.171   0.043   4.000
3   0.530  -0.295  -0.873
4   4.000   0.851   0.927
N E
2   0.010  -0.159   4.000
3  -0.179  -0.279  -0.379
4   4.000   1.387   0.959
N Q
2   0.001  -0.341   4.000
3   0.452  -0.202  -0.725
4   4.000   0.789   0.780
N R
2   0.046  -0.367   4.000
3   0.559  -0.221  -0.690
4   4.000   1.109   0.695
N H
2   0.348   0.293   4.000
3   0.526  -0.291  -0.649
4   4.000   0.265   0.503
N F
2   0.125   0.525   4.000
3   1.410  -0.064  -0.678
4   4.000   0.185   0.018
N Y
2   0.093   0.919   4.000
3   0.785  -0.095  -0.514
4   4.000   0.488   0.029
N W
2   0.319   0.544   4.000
3   1.535  -0.177  -0.745
4   4.000   0.293   0.108
L G
2   0.350   0.700  -2.210
3   0.304  -0.296  -0.096
4  -4.407  -0.119   0.386
L A
2  -0.648  -0.762   4.000
3   0.029   0.430   1.052
4   4.000   0.385   0.318
L S
2  -0.038  -0.453   4.000
3   0.171  -0.009   0.959
4   4.000  -0.565   0.145
L C
2  -0.226  -0.513   4.000
3   0.477   0.316   0.886
4   4.000  -0.193  -0.256
L V
2  -0.230   0.198   4.000
3   0.535   0.689   0.846
4   4.000   0.144  -0.639
L T
2   0.089  -0.184   4.000
3   0.405   0.126   1.357
4   4.000  -0.708  -0.255
L I
2  -0.421  -0.036   4.000
3   0.686   0.768   0.907
4   4.000   0.346  -0.526
L P
2   1.239   3.205   4.000
3  -0.517  -0.364   0.174
4   4.000  -0.623   0.199
L M
2  -0.535  -0.800   4.000
3   0.713   0.564   1.227
4   4.000   0.509  -0.174
L D
2  -0.055   0.066   4.000
3  -0.508  -0.078   1.086
4   4.000  -0.698   0.442
L N
2  -0.147  -0.525   4.000
3   0.339  -0.048   0.626
4   4.000  -0.315   0.365
L L
2  -0.570  -0.811   4.000
3   0.368   0.570   1.111
4   4.000   0.591  -0.101
L K
2  -0.480  -0.532   4.000
3   0.025   0.234   1.043
4   4.000  -0.046   0.279
L E
2  -0.488  -0.570   4.000
3  -0.743   0.288   1.134
4   4.000   0.190   0.292
L Q
2  -0.548  -0.566   4.000
3  -0.015   0.329   1.159
4   4.000   0.245   0.200
L R
2  -0.512  -0.579   4.000
3   0.213   0.393   1.148
4   4.000   0.059   0.035
L H
2  -0.195  -0.039   4.000
3  -0.160   0.240   1.065
4   4.000  -0.354  -0.183
L F
2  -0.249  -0.130   4.000
3   0.399   0.409   0.544
4   4.000   0.063  -0.379
L Y
2  -0.241   0.148   4.000
3   0.324   0.441   0.752
4   4.000   0.005  -0.436
L W
2  -0.351   0.117   4.000
3   0.126   0.520   0.752
4   4.000  -0.017  -0.374
K G
2   0.887   0.860   4.000
3   0.275  -0.432  -0.682
4   4.000   0.067   0.683
K A
2  -0.535  -0.874   4.000
3  -0.269   0.274   0.147
4   4.000   0.715   0.478
K S
2   0.080  -0.478   4.000
3  -0.699  -0.122  -0.256
4   4.000  -0.126   0.546
K C
2   0.331   0.054   4.000
3   1.162  -0.047  -0.058
4   4.000  -0.160  -0.230
K V
2   0.092   0.462   4.000
3   0.605   0.419  -0.217
4   4.000   0.320  -0.632
K T
2   0.123   0.005   4.000
3  -0.423   0.004  -0.482
4   4.000  -0.197   0.068
K I
2  -0.199  -0.008   4.000
3   0.918   0.458  -0.046
4   4.000   0.462  -0.476
K P
2   1.877   2.656   4.000
3   0.045  -0.387  -0.354
4   4.000  -0.052  -0.026
K M
2  -0.364  -0.566   4.000
3   0.473   0.292  -0.155
4   4.000   0.148   0.034
K D
2   0.232   0.175  -2.734
3  -0.636  -0.372   0.109
4   4.000   0.162   1.213
K N
2   0.218  -0.837   4.000
3   0.198  -0.298  -0.204
4   4.000   0.280   0.886
K L
2  -0.401  -0.834   4.000
3   0.496   0.338   0.279
4   4.000   0.468  -0.034
K K
2  -0.241  -0.807   4.000
3  -0.222   0.016  -0.134
4   4.000   0.622   0.465
K E
2  -0.387  -0.771   4.000
3  -0.960   0.058   0.010
4   4.000   1.012   0.902
K Q
2  -0.435  -0.652   4.000
3  -0.411   0.134  -0.049
4   4.000   0.579   0.584
K R
2  -0.261  -0.955   4.000
3   0.282   0.083  -0.214
4   4.000   0.487   0.343
K H
2   0.178  -1.112   4.000
3   0.087  -0.120  -0.256
4   4.000   0.281   0.333
K F
2  -0.078  -0.156   4.000
3   0.852   0.174  -0.078
4   4.000   0.212  -0.256
K Y
2   0.118  -0.524   4.000
3   0.389  -0.036  -0.313
4   4.000   0.201   0.017
K W
2  -0.105   0.072   4.000
3  -0.206   0.210  -0.162
4   4.000   0.044  -0.195
E G
2   0.692   0.731   4.000
3   0.572  -0.436  -0.499
4   4.000   0.248   0.707
E A
2  -0.650  -0.786   4.000
3  -0.506   0.333   0.449
4   4.000   0.844   0.677
E S
2   0.013  -0.457   4.000
3  -0.368  -0.180  -0.039
4   4.000   0.102   0.649
E C
2  -0.015   0.390   4.000
3   0.566   0.023   0.534
4   4.000   0.147  -0.188
E V
2  -0.185   0.190   4.000
3   0.199   0.430   0.114
4   4.000   0.222  -0.448
E T
2  -0.120   0.214   4.000
3  -0.453   0.040  -0.182
4   4.000  -0.126   0.182
E I
2  -0.399  -0.086   4.000
3   0.371   0.488   0.091
4   4.000   0.355  -0.273
E P
2   1.697   3.191   4.000
3  -0.249  -0.407  -0.255
4   4.000   0.037   0.062
E M
2  -0.637  -0.776   4.000
3   0.400   0.432   0.195
4   4.000   0.599   0.323
E D
2   0.072   0.263   4.000
3  -0.953  -0.306   0.340
4   4.000   0.309   1.156
E N
2   0.135  -0.898   4.000
3  -0.178  -0.308  -0.037
4   4.000   0.434   1.191
E L
2  -0.553  -0.762   4.000
3   0.205   0.375   0.478
4   4.000   0.641   0.166
E K
2  -0.344  -0.868   4.000
3  -0.591   0.049   0.030
4   4.000   0.775   0.683
E E
2  -0.411  -0.401   4.000
3  -1.193   0.037   0.343
4   4.000   1.271   0.950
E Q
2  -0.534  -0.725   4.000
3  -0.700   0.152   0.228
4   4.000   1.144   0.849
E R
2  -0.431  -0.880   4.000
3  -0.330   0.132   0.002
4   4.000   0.664   0.616
E H
2  -0.018  -0.617   4.000
3  -0.075  -0.141  -0.213
4   4.000   0.194   0.566
E F
2  -0.346   0.156   4.000
3   0.422   0.281   0.387
4   4.000   0.267  -0.161
E Y
2  -0.235   0.090   4.000
3   0.242   0.175  -0.253
4   4.000   0.672  -0.089
E W
2  -0.241   0.121   4.000
3   0.079   0.215  -0.454
4   4.000   0.629  -0.082
Q G
2   0.684   0.859   4.000
3   0.383  -0.422  -0.395
4   4.000  -0.095   0.701
Q A
2  -0.628  -0.798   4.000
3  -0.271   0.350   0.377
4   4.000   0.595   0.543
Q S
2   0.027  -0.407   4.000
3  -0.135  -0.108  -0.078
4   4.000  -0.173   0.381
Q C
2   0.128  -0.235   4.000
3   0.601   0.128  -0.074
4   4.000  -0.235  -0.288
Q V
2  -0.195   0.476   4.000
3   0.512   0.464  -0.108
4   4.000   0.242  -0.472
Q T
2  -0.089   0.071   4.000
3   0.132   0.081  -0.238
4   4.000  -0.202   0.019
Q I
2  -0.465   0.095   4.000
3   0.821   0.522   0.076
4   4.000   0.408  -0.255
Q P
2   1.845   4.000   4.000
3   0.121  -0.406  -0.485
4   4.000  -0.212   0.094
Q M
2  -0.587  -0.510   4.000
3   0.521   0.408   0.237
4   4.000   0.435   0.168
Q D
2   0.004   0.224   4.000
3  -0.792  -0.243   0.437
4   4.000  -0.220   1.013
Q N
2   0.027  -0.711   4.000
3  -0.220  -0.221   0.061
4   4.000   0.025   0.881
Q L
2  -0.529  -0.655   4.000
3   0.820   0.352   0.289
4   4.000   0.568   0.112
Q K
2  -0.479  -0.608   4.000
3  -0.047   0.142  -0.028
4   4.000   0.667   0.574
Q E
2  -0.455  -0.629   4.000
3  -0.910   0.162   0.198
4   4.000   0.691   0.647
Q Q
2  -0.508  -0.779   4.000
3  -0.375   0.152   0.155
4   4.000   0.869   0.704
Q R
2  -0.451  -0.665   4.000
3  -0.186   0.181  -0.071
4   4.000   0.761   0.425
Q H
2  -0.212  -0.599   4.000
3   0.539  -0.009  -0.377
4   4.000   0.309   0.447
Q F
2  -0.213   0.130   4.000
3   0.475   0.181   0.094
4   4.000   0.332  -0.169
Q Y
2  -0.249  -0.021   4.000
3   0.230   0.178  -0.208
4   4.000   0.260  -0.028
Q W
2  -0.174   0.513   4.000
3   0.271   0.275  -0.275
4   4.000   0.246  -0.276
R G
2   0.767   0.880   4.000
3   0.495  -0.422  -0.383
4   4.000   0.006   0.558
R A
2  -0.555  -0.790   4.000
3  -0.274   0.321   0.293
4   4.000   0.504   0.399
R S
2   0.111  -0.433   4.000
3  -0.307  -0.131  -0.108
4   4.000  -0.312   0.422
R C
2   0.292  -0.088   4.000
3   0.468   0.058  -0.054
4   4.000  -0.322  -0.300
R V
2  -0.007   0.444   4.000
3   0.699   0.491  -0.185
4   4.000   0.283  -0.626
R T
2   0.123   0.253   4.000
3   0.024  -0.012  -0.021
4   4.000  -0.511  -0.007
R I
2  -0.275   0.063   4.000
3   0.531   0.546   0.079
4   4.000   0.320  -0.470
R P
2   1.780   4.000   4.000
3   0.105  -0.400  -0.278
4   4.000  -0.252   0.041
R M
2  -0.445  -0.854   4.000
3   1.148   0.302   0.235
4   4.000   0.545   0.068
R D
2  -0.059  -0.292   4.000
3  -0.640  -0.182   0.409
4   4.000  -0.227   0.881
R N
2   0.036  -0.694   4.000
3   0.231  -0.250  -0.114
4   4.000   0.146   0.937
R L
2  -0.425  -0.704  -2.366
3   0.700   0.411   0.308
4   4.000   0.106  -0.085
R K
2  -0.336  -0.595   4.000
3   0.006   0.092  -0.003
4   4.000   0.283   0.379
R E
2  -0.470  -0.796   4.000
3  -0.962   0.159   0.660
4   4.000   0.549   0.731
R Q
2  -0.459  -0.885   4.000
3  -0.227   0.187   0.253
4   4.000   0.582   0.463
R R
2  -0.316  -0.543   4.000
3   0.168   0.070   0.023
4   4.000   0.234   0.360
R H
2  -0.001  -0.576   4.000
3   0.360  -0.090  -0.242
4   4.000   0.243   0.287
R F
2  -0.005   0.023   4.000
3   0.490   0.189  -0.315
4   4.000   0.270  -0.308
R Y
2  -0.098  -0.141   4.000
3   0.423   0.160  -0.233
4   4.000   0.357  -0.190
R W
2  -0.158   0.218   4.000
3   0.154   0.275  -0.357
4   4.000   0.347  -0.265
H G
2   1.053   1.308   4.000
3   0.324  -0.399  -0.611
4   4.000  -0.405   0.481
H A
2  -0.217  -0.209   4.000
3   0.275   0.068  -0.098
4   4.000   0.246   0.127
H S
2   0.520   0.017   4.000
3   0.398  -0.243  -0.152
4   4.000  -0.360   0.181
H C
2   0.446   0.451   4.000
3   0.866  -0.089  -0.229
4   4.000  -0.565  -0.127
H V
2   0.211   0.389   4.000
3   0.761   0.257  -0.142
4   4.000   0.299  -0.577
H T
2   0.560   0.619   4.000
3   0.223  -0.126  -0.170
4   4.000  -0.445  -0.139
H I
2  -0.031   1.240   4.000
3   0.503   0.342  -0.356
4   4.000   0.596  -0.512
H P
2   1.905   4.000   4.000
3   1.190  -0.593   0.534
4   4.000   0.087   0.503
H M
2   0.008   0.156   4.000
3   0.389   0.008  -0.195
4   4.000   0.821  -0.130
H D
2   0.287   0.475   4.000
3  -0.391  -0.290   0.210
4   4.000  -0.688   0.804
H N
2   0.394   0.054   4.000
3   0.469  -0.274  -0.029
4   4.000  -0.210   0.309
H L
2  -0.235  -0.401   4.000
3   0.564   0.189   0.189
4   4.000   0.583  -0.142
H K
2   0.155   0.018   4.000
3   0.118  -0.183  -0.215
4   4.000   0.535   0.215
H E
2  -0.121  -0.234   4.000
3  -0.581  -0.091  -0.087
4   4.000   0.937   0.435
H Q
2  -0.244  -0.078   4.000
3   0.337  -0.035   0.056
4   4.000   0.693   0.302
H R
2  -0.003  -0.115   4.000
3   0.160   0.008  -0.141
4   4.000  -0.124   0.037
H H
2   0.441   0.387   4.000
3   0.633  -0.221  -0.077
4   4.000  -0.170   0.061
H F
2   0.171   0.010   4.000
3   0.253   0.128   0.185
4   4.000   0.110  -0.401
H Y
2   0.154  -0.132   4.000
3   1.312   0.118  -0.120
4   4.000   0.140  -0.370
H W
2  -0.035   0.019   4.000
3   1.415   0.182  -0.151
4   4.000   0.173  -0.319
F G
2   0.795   1.043   4.000
3   0.359  -0.316  -0.023
4   4.000  -0.323   0.107
F A
2  -0.348  -0.261   4.000
3  -0.148   0.343   0.896
4   4.000  -0.095  -0.141
F S
2   0.341   0.168   4.000
3   0.068  -0.003   0.979
4   4.000  -0.794  -0.209
F C
2   0.036   0.410   4.000
3   0.825   0.251   0.733
4   4.000  -0.471  -0.446
F V
2  -0.004   1.114   4.000
3   0.313   0.681   0.945
4   4.000  -0.084  -0.778
F T
2   0.469   0.389   4.000
3   0.398   0.202   0.754
4   4.000  -0.989  -0.496
F I
2  -0.253   0.431   4.000
3   0.472   0.736   0.894
4   4.000  -0.066  -0.636
F P
2   1.753   2.973   4.000
3   0.012  -0.417   0.501
4   4.000  -0.602   0.090
F M
2  -0.367  -0.269   4.000
3   0.376   0.362   0.785
4   4.000   0.926  -0.275
F D
2   0.429   0.583   4.000
3  -0.485  -0.179   1.107
4   4.000  -0.970   0.226
F N
2   0.234   0.073   4.000
3   0.370  -0.096   0.746
4   4.000  -0.884   0.097
F L
2  -0.505  -0.518   4.000
3   0.423   0.538   1.200
4   4.000   0.271  -0.203
F K
2  -0.087   0.291   4.000
3   0.228   0.130   0.742
4   4.000  -0.305  -0.198
F E
2  -0.156  -0.026   4.000
3  -0.702   0.255   1.130
4   4.000  -0.104  -0.224
F Q
2  -0.110   0.078   4.000
3  -0.240   0.152   0.635
4   4.000  -0.191  -0.162
F R
2  -0.178   0.078   4.000
3   0.138   0.262   1.020
4   4.000  -0.254  -0.281
F H
2   0.117   0.086   4.000
3   0.452   0.156   0.967
4   4.000  -0.548  -0.363
F F
2  -0.135  -0.166   4.000
3   0.200   0.290   0.827
4   4.000  -0.107  -0.351
F Y
2  -0.063   0.155  -3.648
3   0.416   0.411   1.030
4   4.000  -0.015  -0.566
F W
2  -0.249   0.713   4.000
3  -0.713   0.422   0.649
4   4.000  -0.209  -0.305
Y G
2   0.967   1.099   4.000
3   0.228  -0.334  -0.160
4   4.000  -0.361   0.121
Y A
2  -0.277  -0.148   4.000
3   0.093   0.252   0.429
4   4.000   0.103  -0.148
Y S
2   0.333   0.359   4.000
3   0.338  -0.004   0.635
4   4.000  -0.728  -0.232
Y C
2   0.135   0.242   4.000
3   1.168   0.223   0.871
4   4.000  -0.767  -0.426
Y V
2   0.092   0.528   4.000
3   0.408   0.636   0.507
4   4.000  -0.349  -0.749
Y T
2   0.498   0.686   4.000
3   0.695   0.207   0.679
4   4.000  -0.715  -0.598
Y I
2  -0.083   0.687   4.000
3   0.650   0.648   0.304
4   4.000  -0.127  -0.685
Y P
2   1.729   3.526   4.000
3   0.101  -0.443   0.361
4   4.000  -0.380   0.115
Y M
2  -0.395  -0.186   4.000
3   0.517   0.428   0.579
4   4.000  -0.032  -0.219
Y D
2   0.368   0.779   4.000
3  -0.534  -0.150   0.406
4   4.000  -1.046   0.322
Y N
2   0.140   0.040   4.000
3   0.148  -0.112   0.316
4   4.000  -0.802   0.285
Y L
2  -0.418  -0.476   4.000
3   0.390   0.511   0.805
4   4.000   0.196  -0.276
Y K
2  -0.054   0.162  -3.382
3   0.143   0.095   0.657
4   4.000  -0.267  -0.161
Y E
2  -0.125   0.145   4.000
3  -0.710   0.171   0.508
4   4.000   0.103  -0.147
Y Q
2  -0.195  -0.172   4.000
3   0.020   0.206   0.677
4   4.000   0.079  -0.194
Y R
2  -0.109   0.408   4.000
3   0.348   0.183   0.626
4   4.000  -0.031  -0.298
Y H
2   0.129  -0.051   4.000
3   0.546   0.138   0.590
4   4.000  -0.385  -0.356
Y F
2  -0.058   0.186   4.000
3   0.583   0.378   0.378
4   4.000  -0.253  -0.490
Y Y
2   0.080   0.178   4.000
3   0.146   0.313   0.884
4   4.000  -0.074  -0.559
Y W
2   0.128   0.766   4.000
3   0.776   0.337   0.334
4   4.000   0.163  -0.642
W G
2   0.486   2.236   4.000
3   0.454  -0.255   0.157
4   4.000  -0.500   0.115
W A
2  -0.418  -0.317   4.000
3  -0.190   0.336   0.794
4   4.000   0.042  -0.028
W S
2   0.287   0.689   4.000
3  -0.400  -0.067   0.925
4   4.000  -0.425  -0.141
W C
2   0.170   0.277   4.000
3   4.000   0.246   0.578
4   4.000  -0.262  -0.570
W V
2   0.051   0.417   4.000
3   0.219   0.616   0.673
4   4.000  -0.122  -0.741
W T
2   0.519   0.616   4.000
3  -0.003   0.134   0.821
4   4.000  -0.657  -0.522
W I
2  -0.285   0.610   4.000
3  -0.134   0.617   1.134
4   4.000   0.359  -0.565
W P
2   1.537   4.000   4.000
3  -0.872  -0.447   1.252
4   4.000  -0.569   0.359
W M
2  -0.442  -0.622   4.000
3   0.486   0.502   0.307
4   4.000   0.056  -0.158
W D
2   0.269   1.181   4.000
3  -0.727  -0.125   1.368
4   4.000  -1.069   0.300
W N
2   0.401  -0.426   4.000
3   0.230  -0.113   0.658
4   4.000  -0.734   0.014
W L
2  -0.494  -0.097   4.000
3   0.481   0.539   1.263
4   4.000   0.151  -0.260
W K
2  -0.128   0.426   4.000
3   0.355   0.155   0.490
4   4.000   0.252  -0.272
W E
2  -0.117  -0.436   4.000
3  -0.854   0.220   1.004
4   4.000  -0.189  -0.122
W Q
2  -0.234  -0.030   4.000
3  -0.272   0.298   0.242
4   4.000  -0.050  -0.192
W R
2  -0.153   0.173   4.000
3  -0.398   0.274   0.937
4   4.000  -0.240  -0.275
W H
2   0.049   0.444   4.000
3  -0.134   0.177   0.785
4   4.000  -0.277  -0.364
W F
2  -0.097   0.256   4.000
3  -0.176   0.421   0.204
4   4.000   0.180  -0.495
W Y
2   0.185  -0.029   4.000
3  -0.282   0.524   0.232
4   4.000  -0.212  -0.675
W W
2  -0.146   1.484   4.000
3   0.395   0.201   0.909
4   4.000   0.252  -0.372
