 **SIDE-SIDE
     GLY  ALA  SER  CYS  VAL  THR  ILE  PRO  MET  ASP  ASN  LEU  LYS  GLU  GLN  ARG  HIS  PHE  TYR  TRP  
GLY  1.1  1.2   .8   .1   .7   .6   .4   .8   .2   .7   .4   .6   .6   .9   .5   .2   .3   .3   .2  -.2
ALA  1.2   .8   .8   .0   .0   .5  -.3   .7  -.2   .9   .7  -.1   .8  1.0   .4   .3   .1  -.2  -.3  -.6
SER   .8   .8   .2  -.4   .4   .2   .3   .4  -.1   .2   .2   .4   .5   .3   .1   .2  -.2   .0   .0  -.5
CYS   .1   .0  -.4 -2.4  -.7  -.5  -.8  -.4 -1.3  -.3  -.5  -.6  -.2  -.2  -.7  -.6 -1.4 -1.1 -1.0 -1.6
VAL   .7   .0   .4  -.7  -.7  -.1 -1.0   .2  -.8   .7   .3  -.9   .4   .4   .1   .0  -.3  -.9  -.7 -1.0
THR   .6   .5   .2  -.5  -.1   .0  -.2   .3  -.3   .1   .1   .0   .4   .1   .0   .0  -.2  -.3  -.2  -.6
ILE   .4  -.3   .3  -.8 -1.0  -.2 -1.1   .0  -.9   .5   .2 -1.2   .2   .3  -.1  -.2  -.3 -1.1  -.9 -1.2
PRO   .8   .7   .4  -.4   .2   .3   .0   .2  -.4   .6   .3   .1   .5   .4   .0   .0  -.2  -.3  -.6  -.9
MET   .2  -.2  -.1 -1.3  -.8  -.3  -.9  -.4 -1.4   .0  -.3 -1.0  -.1   .0  -.5  -.3  -.9 -1.2 -1.0 -1.6
ASP   .7   .9   .2  -.3   .7   .1   .5   .6   .0   .2   .0   .5  -.2   .5   .0  -.6  -.4   .2  -.2  -.4
ASN   .4   .7   .2  -.5   .3   .1   .2   .3  -.3   .0  -.2   .2   .2   .2  -.2  -.2  -.4  -.1  -.3  -.6
LEU   .6  -.1   .4  -.6  -.9   .0 -1.2   .1 -1.0   .5   .2 -1.1   .3   .4   .0  -.2  -.2 -1.1  -.9 -1.2
LYS   .6   .8   .5  -.2   .4   .4   .2   .5  -.1  -.2   .2   .3   .6  -.4   .0   .4   .1   .1  -.3  -.5
GLU   .9  1.0   .3  -.2   .4   .1   .3   .4   .0   .5   .2   .4  -.4   .5   .1  -.5  -.3   .1  -.2  -.5
GLN   .5   .4   .1  -.7   .1   .0  -.1   .0  -.5   .0  -.2   .0   .0   .1  -.5  -.2  -.5  -.3  -.4  -.9
ARG   .2   .3   .2  -.6   .0   .0  -.2   .0  -.3  -.6  -.2  -.2   .4  -.5  -.2  -.3  -.4  -.4  -.7  -.9
HIS   .3   .1  -.2 -1.4  -.3  -.2  -.3  -.2  -.9  -.4  -.4  -.2   .1  -.3  -.5  -.4 -1.2  -.6  -.9 -1.2
PHE   .3  -.2   .0 -1.1  -.9  -.3 -1.1  -.3 -1.2   .2  -.1 -1.1   .1   .1  -.3  -.4  -.6 -1.3 -1.0 -1.4
TYR   .2  -.3   .0 -1.0  -.7  -.2  -.9  -.6 -1.0  -.2  -.3  -.9  -.3  -.2  -.4  -.7  -.9 -1.0  -.8 -1.3
TRP  -.2  -.6  -.5 -1.6 -1.0  -.6 -1.2  -.9 -1.6  -.4  -.6 -1.2  -.5  -.5  -.9  -.9 -1.2 -1.4 -1.3 -1.7
