# r0    Z0    r      Z lambda weights
#                                eh1     eh1a     eh1b    eh1c    eh2     eh3   eh4    eh5a   eh5b   es2     es3    es3a    es3b   es3c    es4    es5    es6    en1     en2     en3
 0.050 2.000 0.562 2.862   0.26 -96.605  -358.120  -7.871  -9.093  1.601  -0.424  25.824  19.312  30.957  -8.578  -6.473  -120.993  -18.257  4.601  27.252  7.738  -10.692  42.851  -146.036  10.164 
 0.050 2.500 0.662 6.186   0.15 0.241  -0.404  -16.876  -1.546  0.433  -0.031  6.789  2.865  5.164  0.159  -2.025  -4.810  -4.836  0.876  0.644  1.629  0.020  1.150  -2.472  -0.011 
 0.050 3.000 0.681 5.751   0.22 -0.460  -15.493  -21.808  -1.716  1.053  -0.060  11.921  5.829  8.578  -0.465  -4.342  -10.026  -6.960  1.383  0.355  1.983  -0.039  2.457  -1.945  0.159 
 0.050 3.500 0.686 5.740   0.21 -1.836  -10.575  -21.629  -1.866  1.142  -0.058  11.482  5.467  8.372  -0.407  -4.177  -9.372  -6.786  1.343  0.225  1.911  0.066  2.449  -2.190  0.154 
 0.050 4.000 0.690 5.733   0.24 0.154  -8.836  -22.638  -2.250  1.288  -0.061  10.863  5.199  8.064  -0.405  -4.124  -8.184  -6.630  1.299  0.322  1.811  0.273  2.517  -2.500  0.222 
 0.050 4.500 0.695 5.708   0.26 1.083  -10.285  -23.111  -2.423  1.398  -0.063  10.345  4.993  7.816  -0.386  -4.052  -7.166  -6.413  1.245  0.429  1.740  0.375  2.549  -3.150  0.274 
 0.050 5.000 0.696 5.694   0.25 0.953  -8.894  -23.085  -2.503  1.415  -0.064  10.292  4.895  7.820  -0.354  -4.034  -7.246  -6.341  1.242  0.318  1.762  0.401  2.548  -2.990  0.210 
 0.050 5.500 0.695 5.694   0.18 -1.246  -10.671  -20.897  -2.435  1.182  -0.058  10.195  4.472  7.697  -0.166  -3.685  -8.454  -6.072  1.225  -0.060  1.861  0.248  2.349  -2.188  -0.007 
 0.050 6.000 0.697 5.686   0.16 -0.381  -8.664  -20.739  -2.420  1.160  -0.056  9.950  4.218  7.554  -0.104  -3.570  -7.166  -5.962  1.204  -0.212  1.860  0.265  2.308  -1.740  -0.088 
 0.050 6.500 0.698 5.676   0.13 -0.660  -7.285  -19.993  -2.364  1.108  -0.054  9.658  3.843  7.299  -0.007  -3.334  -4.497  -5.845  1.166  -0.323  1.794  0.245  2.256  -2.203  -0.082 
 0.050 7.000 0.697 5.807   0.22 1.836  0.264  -20.387  -2.191  0.980  -0.055  7.958  2.368  5.741  -0.037  -2.812  -4.556  -4.907  0.950  0.125  2.069  0.337  1.929  -5.646  -0.043 
 0.050 8.000 0.707 5.563   0.25 0.440  -2.421  -21.444  -2.641  1.315  -0.065  9.675  4.210  7.968  -0.115  -3.507  -3.769  -5.935  1.078  -0.282  2.097  0.127  2.492  -3.018  -0.086 
 0.050 8.500 0.709 5.537   0.24 0.818  -0.629  -21.553  -2.665  1.342  -0.065  9.640  4.105  8.004  -0.096  -3.521  -3.465  -5.939  1.069  -0.332  2.119  0.143  2.514  -3.129  -0.112 
 0.050 9.500 0.711 5.504   0.25 1.644  0.153  -22.060  -2.867  1.427  -0.069  9.555  3.963  8.099  -0.071  -3.585  -3.203  -5.950  1.063  -0.343  2.146  0.186  2.609  -3.344  -0.117 
 0.050 10.000 0.714 5.464   0.28 2.269  -0.781  -22.373  -2.901  1.484  -0.070  9.346  3.947  8.024  -0.086  -3.608  -3.201  -5.837  1.065  -0.317  2.157  0.246  2.615  -3.296  -0.147 
 0.100 2.000 0.547 2.870   0.20 -77.225  -297.392  -6.255  -5.692  1.235  -0.268  20.214  14.801  24.559  -8.336  -4.599  -100.765  -14.329  3.566  21.139  5.991  -9.161  35.386  -113.677  7.939 
 0.100 2.500 0.655 6.289   0.13 1.935  6.032  -17.983  -1.561  0.397  -0.020  6.335  2.526  4.847  -0.141  -1.993  -4.532  -4.983  0.825  0.994  1.832  0.073  1.068  -3.523  0.162 
 0.100 3.000 0.667 6.088   0.15 -0.333  -6.937  -18.431  -1.908  0.565  -0.034  7.891  3.898  5.911  0.095  -2.803  -3.669  -5.084  1.000  -0.220  1.717  0.095  1.323  -5.097  -0.083 
 0.100 3.500 0.671 6.085   0.14 0.612  -6.666  -18.843  -1.902  0.646  -0.037  7.556  3.622  5.809  0.099  -2.741  -2.914  -4.958  0.974  -0.165  1.681  0.173  1.385  -4.524  -0.119 
 0.100 4.000 0.678 6.144   0.32 0.402  5.245  -21.730  -2.609  1.270  -0.042  5.237  2.055  4.452  -0.108  -2.429  -4.836  -4.577  0.927  0.505  1.839  0.327  1.829  -3.134  -0.183 
 0.100 4.500 0.681 6.097   0.30 0.393  4.804  -21.878  -2.695  1.326  -0.045  5.236  2.071  4.629  -0.105  -2.522  -4.809  -4.674  0.949  0.464  1.863  0.363  1.875  -3.252  -0.193 
 0.100 5.000 0.685 6.045   0.30 0.493  5.431  -22.022  -2.767  1.351  -0.046  5.314  2.063  4.753  -0.102  -2.547  -4.756  -4.674  0.941  0.484  1.918  0.353  1.940  -3.384  -0.188 
 0.100 5.500 0.688 6.000   0.32 0.506  5.290  -22.112  -2.831  1.382  -0.048  5.412  2.097  4.944  -0.098  -2.612  -4.786  -4.732  0.946  0.456  1.953  0.359  1.987  -3.538  -0.192 
 0.100 6.000 0.687 5.945   0.19 0.309  -2.452  -20.614  -2.412  1.078  -0.049  7.316  3.380  5.963  0.045  -2.816  -3.593  -4.754  0.964  -0.072  1.558  0.459  1.799  -4.212  -0.159 
 0.100 6.500 0.690 5.905   0.18 0.843  -1.543  -20.673  -2.484  1.086  -0.052  7.296  3.234  6.051  0.073  -2.824  -2.747  -4.792  0.967  -0.039  1.621  0.446  1.835  -4.351  -0.165 
 0.100 7.000 0.698 5.694   0.15 -0.186  -5.805  -20.803  -2.414  1.179  -0.055  9.736  4.073  7.442  -0.088  -3.500  -7.077  -5.891  1.158  -0.248  1.772  0.369  2.310  -2.323  -0.059 
 0.100 7.500 0.695 5.847   0.16 1.601  -0.180  -20.606  -2.467  1.097  -0.054  7.205  2.881  6.214  0.114  -2.839  -2.838  -4.870  0.954  0.038  1.752  0.390  1.876  -4.724  -0.169 
 0.100 8.000 0.701 5.645   0.11 -0.472  2.233  -20.515  -2.447  1.119  -0.053  9.916  3.848  7.472  -0.017  -3.431  -1.655  -6.021  1.178  -0.486  1.839  0.326  2.343  -3.008  -0.100 
 0.100 8.500 0.704 5.752   0.31 0.674  4.711  -22.763  -3.213  1.580  -0.060  5.794  2.249  5.942  -0.080  -3.002  -4.827  -5.087  0.988  0.321  2.183  0.410  2.265  -4.320  -0.210 
 0.100 9.000 0.706 5.713   0.28 0.634  4.785  -22.911  -3.309  1.626  -0.062  5.794  2.238  6.051  -0.084  -3.050  -4.783  -5.136  0.995  0.311  2.228  0.421  2.321  -4.388  -0.218 
 0.100 9.500 0.708 5.676   0.32 0.677  4.828  -23.030  -3.374  1.661  -0.064  5.856  2.264  6.220  -0.079  -3.109  -4.765  -5.182  1.001  0.292  2.253  0.434  2.365  -4.520  -0.221 
 0.150 2.000 0.532 2.887   0.18 -70.653  -280.667  -5.678  -4.089  1.053  -0.195  18.097  13.046  22.152  -8.599  -3.752  -97.856  -12.842  3.171  18.833  5.307  -8.674  32.592  -101.106  7.082 
 0.150 2.500 0.647 6.343   0.12 2.219  0.688  -17.469  -1.236  0.324  -0.012  6.130  2.334  4.483  -0.236  -1.986  -5.227  -5.260  0.767  1.096  2.005  -0.067  1.000  -3.964  0.234 
 0.150 3.000 0.656 6.326   0.16 0.149  2.163  -18.358  -1.859  0.578  -0.020  6.246  2.499  4.935  0.049  -1.968  -2.787  -4.543  0.839  0.351  1.606  0.091  1.199  -1.678  0.052 
 0.150 3.500 0.666 6.128   0.13 1.096  -3.308  -18.349  -1.735  0.541  -0.033  7.214  3.505  5.613  0.126  -2.637  -6.177  -4.900  0.934  -0.111  1.723  0.116  1.195  -5.110  -0.046 
 0.150 4.000 0.673 6.207   0.35 0.385  5.415  -21.583  -2.522  1.225  -0.039  5.128  2.003  4.215  -0.113  -2.335  -4.789  -4.495  0.914  0.540  1.796  0.310  1.765  -2.949  -0.180 
 0.150 4.500 0.677 6.158   0.32 0.424  5.430  -21.711  -2.593  1.261  -0.041  5.190  2.017  4.377  -0.110  -2.397  -4.789  -4.547  0.921  0.525  1.835  0.320  1.818  -3.085  -0.183 
 0.150 5.000 0.680 6.116   0.26 0.467  4.965  -21.737  -2.657  1.293  -0.044  5.239  2.084  4.532  -0.103  -2.458  -4.809  -4.623  0.929  0.477  1.841  0.355  1.847  -3.213  -0.187 
 0.150 5.500 0.684 6.069   0.25 0.455  5.041  -21.901  -2.733  1.334  -0.046  5.286  2.083  4.671  -0.103  -2.528  -4.813  -4.681  0.936  0.463  1.893  0.362  1.904  -3.353  -0.192 
 0.150 6.000 0.687 6.022   0.27 0.430  5.094  -22.080  -2.815  1.383  -0.048  5.321  2.098  4.815  -0.102  -2.601  -4.819  -4.738  0.946  0.447  1.931  0.380  1.959  -3.482  -0.197 
 0.150 6.500 0.690 5.978   0.30 0.478  5.117  -22.142  -2.858  1.396  -0.050  5.498  2.154  5.060  -0.093  -2.656  -4.826  -4.765  0.952  0.429  1.953  0.375  2.005  -3.616  -0.192 
 0.150 7.000 0.693 5.938   0.30 0.606  5.079  -22.209  -2.932  1.429  -0.052  5.496  2.151  5.182  -0.089  -2.687  -4.781  -4.805  0.952  0.415  1.974  0.398  2.042  -3.698  -0.196 
 0.150 7.500 0.695 5.896   0.28 0.615  5.147  -22.337  -2.993  1.463  -0.053  5.552  2.158  5.336  -0.088  -2.749  -4.792  -4.858  0.959  0.402  2.015  0.406  2.093  -3.842  -0.199 
 0.150 8.000 0.692 5.895   0.11 2.126  0.131  -20.207  -2.344  1.027  -0.050  6.827  2.581  6.037  0.109  -2.698  -4.794  -4.738  0.908  0.252  1.754  0.382  1.734  -5.075  -0.183 
 0.150 8.500 0.700 5.816   0.22 0.642  4.962  -22.585  -3.116  1.529  -0.057  5.690  2.200  5.652  -0.081  -2.892  -4.788  -4.979  0.980  0.356  2.101  0.412  2.187  -4.101  -0.205 
 0.150 9.000 0.702 5.780   0.27 0.663  4.796  -22.683  -3.165  1.556  -0.059  5.746  2.223  5.814  -0.083  -2.957  -4.850  -5.053  0.981  0.339  2.161  0.408  2.233  -4.214  -0.209 
 0.150 10.000 0.706 5.707   0.26 0.621  4.818  -22.931  -3.324  1.633  -0.062  5.800  2.234  6.060  -0.084  -3.057  -4.785  -5.142  0.995  0.311  2.235  0.424  2.330  -4.408  -0.219 
 0.200 2.000 0.518 2.912   0.17 -69.687  -284.480  -5.550  -3.108  0.945  -0.152  17.467  12.447  21.454  -9.137  -3.286  -103.532  -12.398  3.047  18.144  5.073  -8.784  31.876  -96.904  6.806 
 0.200 2.500 0.643 6.291   0.06 2.680  -1.250  -17.169  -0.961  0.292  -0.010  6.321  2.518  4.636  -0.310  -2.178  -5.428  -5.879  0.746  1.153  2.293  -0.308  0.906  -3.314  0.378 
 0.200 3.000 0.650 6.387   0.13 0.179  3.473  -18.043  -1.713  0.497  -0.014  5.890  2.219  4.682  0.009  -1.877  -3.876  -4.602  0.811  0.530  1.695  0.047  1.092  -2.104  0.145 
 0.200 3.500 0.664 6.314   0.22 0.324  5.448  -21.370  -2.372  1.152  -0.035  4.972  1.938  3.817  -0.121  -2.203  -4.757  -4.377  0.899  0.581  1.741  0.270  1.667  -2.664  -0.180 
 0.200 4.000 0.668 6.265   0.26 0.374  5.578  -21.449  -2.435  1.180  -0.037  5.051  1.963  4.016  -0.118  -2.252  -4.792  -4.419  0.904  0.574  1.756  0.293  1.709  -2.790  -0.176 
 0.200 5.000 0.676 6.173   0.28 0.358  5.341  -21.676  -2.576  1.260  -0.041  5.131  2.019  4.280  -0.110  -2.394  -4.815  -4.563  0.919  0.507  1.828  0.332  1.800  -3.047  -0.188 
 0.200 5.500 0.679 6.128   0.25 0.459  5.320  -21.740  -2.629  1.278  -0.043  5.226  2.031  4.498  -0.109  -2.432  -4.794  -4.590  0.921  0.510  1.849  0.348  1.844  -3.184  -0.185 
 0.200 6.000 0.682 6.084   0.28 0.378  5.217  -21.918  -2.714  1.333  -0.045  5.243  2.061  4.588  -0.106  -2.517  -4.797  -4.665  0.935  0.475  1.891  0.360  1.895  -3.304  -0.193 
 0.200 6.500 0.686 6.040   0.26 0.400  5.197  -22.036  -2.781  1.366  -0.047  5.306  2.081  4.741  -0.102  -2.577  -4.805  -4.716  0.941  0.458  1.928  0.369  1.943  -3.425  -0.196 
 0.200 7.000 0.688 5.998   0.25 0.480  5.168  -22.127  -2.842  1.393  -0.049  5.375  2.109  4.912  -0.099  -2.633  -4.895  -4.768  0.948  0.440  1.962  0.373  1.988  -3.547  -0.197 
 0.200 7.500 0.691 5.960   0.24 0.614  5.144  -22.125  -2.882  1.404  -0.050  5.469  2.126  5.103  -0.094  -2.651  -4.802  -4.780  0.946  0.429  1.963  0.391  2.015  -3.667  -0.194 
 0.200 8.000 0.694 5.919   0.29 0.603  5.158  -22.263  -2.964  1.446  -0.052  5.504  2.145  5.241  -0.088  -2.709  -4.776  -4.825  0.953  0.409  1.993  0.402  2.064  -3.759  -0.197 
 0.200 8.500 0.696 5.880   0.25 0.634  5.159  -22.377  -3.013  1.474  -0.054  5.577  2.156  5.394  -0.089  -2.771  -4.794  -4.877  0.961  0.398  2.033  0.411  2.111  -3.904  -0.199 
 0.200 9.000 0.698 5.846   0.22 0.689  5.101  -22.411  -3.052  1.489  -0.056  5.663  2.187  5.571  -0.085  -2.821  -4.886  -4.922  0.966  0.379  2.057  0.421  2.137  -4.048  -0.201 
 0.200 9.500 0.701 5.809   0.21 0.726  5.045  -22.513  -3.110  1.518  -0.058  5.719  2.201  5.716  -0.081  -2.877  -4.895  -4.967  0.972  0.362  2.089  0.432  2.179  -4.165  -0.203 
 0.200 10.000 0.703 5.767   0.22 0.639  5.143  -22.738  -3.206  1.571  -0.059  5.737  2.215  5.848  -0.080  -2.943  -4.790  -5.019  0.980  0.352  2.150  0.415  2.256  -4.260  -0.206 
 0.250 2.000 0.504 2.942   0.17 -70.904  -296.195  -5.597  -2.375  0.855  -0.121  17.408  12.297  21.400  -9.797  -2.972  -112.520  -12.357  3.027  18.082  5.010  -9.101  31.902  -95.907  6.754 
 0.250 2.500 0.629 5.678   0.00 -12.525  -4.194  -15.857  1.049  -0.054  -0.013  11.317  8.706  7.495  0.379  -4.498  -14.509  -7.878  1.556  -0.437  2.377  -2.041  2.217  -8.954  0.661 
 0.250 3.000 0.654 6.423   0.18 0.317  5.495  -20.963  -2.196  1.041  -0.029  4.873  1.876  3.477  -0.129  -2.064  -4.894  -4.306  0.872  0.615  1.712  0.218  1.544  -2.404  -0.170 
 0.250 3.500 0.659 6.373   0.19 0.336  5.502  -21.110  -2.268  1.084  -0.031  4.926  1.903  3.639  -0.125  -2.125  -4.879  -4.346  0.880  0.597  1.730  0.242  1.595  -2.520  -0.173 
 0.250 4.000 0.663 6.326   0.22 0.367  5.421  -21.300  -2.356  1.135  -0.034  5.000  1.940  3.755  -0.121  -2.200  -4.863  -4.395  0.897  0.584  1.747  0.261  1.646  -2.637  -0.177 
 0.250 5.500 0.675 6.186   0.26 0.433  5.330  -21.591  -2.545  1.234  -0.040  5.145  2.007  4.303  -0.114  -2.354  -4.800  -4.524  0.911  0.535  1.804  0.335  1.782  -3.021  -0.182 
 0.250 6.000 0.679 6.135   0.25 0.474  5.259  -21.781  -2.635  1.286  -0.043  5.196  2.019  4.376  -0.102  -2.438  -4.839  -4.593  0.926  0.492  1.862  0.330  1.846  -3.082  -0.188 
 0.250 6.500 0.681 6.099   0.27 0.471  5.310  -21.823  -2.676  1.304  -0.044  5.253  2.044  4.594  -0.107  -2.470  -4.788  -4.620  0.926  0.497  1.864  0.361  1.875  -3.257  -0.187 
 0.250 7.000 0.684 6.060   0.25 0.590  5.148  -21.844  -2.729  1.321  -0.046  5.324  2.078  4.744  -0.101  -2.508  -4.793  -4.662  0.927  0.471  1.890  0.362  1.903  -3.372  -0.187 
 0.250 8.000 0.690 5.979   0.25 0.592  5.132  -22.099  -2.857  1.393  -0.050  5.429  2.114  5.029  -0.096  -2.628  -4.795  -4.758  0.943  0.438  1.952  0.387  1.998  -3.604  -0.194 
 0.250 8.500 0.692 5.942   0.24 0.617  4.950  -22.147  -2.906  1.414  -0.051  5.500  2.147  5.183  -0.091  -2.674  -4.690  -4.802  0.947  0.417  1.977  0.391  2.031  -3.732  -0.193 
 0.250 9.000 0.695 5.904   0.24 0.632  4.985  -22.269  -2.970  1.448  -0.053  5.550  2.160  5.319  -0.089  -2.730  -4.714  -4.847  0.954  0.403  2.009  0.402  2.077  -3.842  -0.196 
 0.250 9.500 0.697 5.865   0.24 0.637  5.151  -22.424  -3.037  1.487  -0.055  5.589  2.159  5.449  -0.088  -2.792  -4.783  -4.895  0.962  0.391  2.048  0.415  2.129  -3.944  -0.201 
 0.250 10.000 0.699 5.831   0.21 0.678  5.095  -22.492  -3.083  1.507  -0.056  5.659  2.179  5.606  -0.085  -2.842  -4.813  -4.940  0.967  0.379  2.079  0.421  2.164  -4.069  -0.202 
 0.300 2.000 0.490 2.974   0.17 -73.786  -314.567  -5.777  -1.765  0.775  -0.097  17.764  12.465  21.821  -10.577  -2.745  -124.457  -12.611  3.083  18.476  5.072  -9.619  32.506  -97.218  6.864 
 0.300 2.500 0.571 5.454   0.00 -20.905  -4.214  -12.344  -1.317  -0.366  0.054  12.301  13.689  8.421  0.113  -2.680  -6.544  -8.070  1.730  0.635  2.138  -5.179  2.200  -2.447  1.036 
 0.300 3.000 0.649 6.472   0.17 0.284  5.648  -20.876  -2.135  1.013  -0.027  4.798  1.843  3.304  -0.131  -2.004  -4.919  -4.247  0.865  0.629  1.680  0.205  1.496  -2.251  -0.168 
 0.300 3.500 0.654 6.424   0.18 0.305  5.588  -21.005  -2.202  1.051  -0.029  4.855  1.878  3.465  -0.127  -2.062  -4.896  -4.289  0.873  0.614  1.699  0.225  1.545  -2.371  -0.171 
 0.300 4.000 0.658 6.378   0.15 0.386  5.466  -21.164  -2.276  1.084  -0.031  4.977  1.913  3.663  -0.124  -2.136  -4.857  -4.330  0.884  0.608  1.705  0.254  1.594  -2.568  -0.170 
 0.300 4.500 0.663 6.328   0.19 0.351  5.574  -21.273  -2.344  1.133  -0.034  4.965  1.927  3.786  -0.122  -2.171  -4.808  -4.360  0.889  0.593  1.719  0.282  1.639  -2.623  -0.173 
 0.300 5.000 0.667 6.283   0.22 0.360  5.520  -21.383  -2.408  1.167  -0.036  5.025  1.949  3.931  -0.119  -2.229  -4.807  -4.408  0.896  0.577  1.750  0.294  1.685  -2.728  -0.176 
 0.300 5.500 0.670 6.238   0.20 0.385  5.538  -21.489  -2.470  1.199  -0.038  5.086  1.969  4.092  -0.115  -2.285  -4.789  -4.456  0.902  0.558  1.779  0.307  1.731  -2.852  -0.179 
 0.300 7.500 0.684 6.069   0.26 0.435  5.390  -21.945  -2.732  1.337  -0.046  5.293  2.052  4.623  -0.097  -2.530  -4.830  -4.669  0.935  0.464  1.909  0.350  1.915  -3.349  -0.191 
 0.300 8.000 0.686 6.031   0.26 0.459  5.395  -22.029  -2.786  1.363  -0.047  5.353  2.071  4.782  -0.096  -2.575  -4.824  -4.707  0.939  0.455  1.933  0.362  1.954  -3.461  -0.192 
 0.300 8.500 0.689 5.995   0.27 0.523  5.254  -22.089  -2.836  1.384  -0.049  5.395  2.095  4.962  -0.098  -2.609  -4.779  -4.740  0.941  0.452  1.947  0.381  1.988  -3.551  -0.193 
 0.300 9.000 0.691 5.959   0.25 0.597  5.171  -22.158  -2.888  1.409  -0.050  5.450  2.116  5.097  -0.095  -2.654  -4.782  -4.780  0.945  0.433  1.971  0.391  2.021  -3.660  -0.195 
 0.300 9.500 0.694 5.922   0.23 0.603  5.184  -22.261  -2.944  1.437  -0.052  5.510  2.134  5.236  -0.092  -2.709  -4.785  -4.826  0.951  0.419  2.005  0.396  2.064  -3.775  -0.196 
 0.300 10.000 0.696 5.886   0.24 0.618  5.166  -22.365  -3.002  1.469  -0.054  5.557  2.149  5.368  -0.089  -2.761  -4.781  -4.869  0.958  0.402  2.032  0.407  2.105  -3.879  -0.199 
 0.350 2.000 0.478 3.006   0.18 -79.153  -343.854  -6.142  -1.207  0.716  -0.077  18.706  13.062  22.929  -11.603  -2.587  -141.611  -13.278  3.242  19.505  5.301  -10.489  34.029  -101.705  7.200 
 0.350 2.500 0.645 5.900   0.01 -1.787  -12.024  -19.312  1.014  -0.129  -0.023  10.753  2.779  8.031  -0.192  -4.471  -14.206  -6.682  1.344  0.331  3.907  -1.418  1.845  -7.137  0.404 
 0.350 3.000 0.642 6.503   0.12 -0.267  4.229  -19.459  -2.080  0.733  -0.011  4.882  1.645  3.328  -0.212  -1.777  -4.203  -4.553  0.790  0.743  1.851  0.159  1.555  -2.960  -0.276 
 0.350 3.500 0.649 6.472   0.16 0.281  5.619  -20.940  -2.154  1.034  -0.028  4.790  1.864  3.337  -0.134  -1.995  -4.831  -4.198  0.869  0.654  1.633  0.231  1.477  -2.209  -0.164 
 0.350 4.000 0.650 6.420   0.10 2.816  5.616  -20.565  -1.471  0.704  -0.026  6.048  2.050  4.704  -0.143  -2.082  -4.456  -4.310  0.816  0.848  1.601  0.167  1.512  -3.018  0.043 
 0.350 4.500 0.658 6.380   0.15 0.350  5.553  -21.169  -2.276  1.090  -0.031  4.936  1.906  3.636  -0.125  -2.126  -4.857  -4.322  0.884  0.612  1.699  0.261  1.594  -2.518  -0.172 
 0.350 5.000 0.662 6.336   0.18 0.372  5.528  -21.267  -2.343  1.122  -0.033  4.995  1.927  3.783  -0.122  -2.177  -4.828  -4.367  0.889  0.595  1.724  0.271  1.638  -2.660  -0.173 
 0.350 5.500 0.666 6.290   0.19 0.364  5.549  -21.362  -2.396  1.161  -0.036  5.015  1.945  3.925  -0.119  -2.219  -4.802  -4.400  0.894  0.579  1.743  0.295  1.678  -2.722  -0.176 
 0.350 6.000 0.670 6.247   0.21 0.383  5.514  -21.467  -2.457  1.192  -0.038  5.072  1.966  4.067  -0.116  -2.275  -4.796  -4.446  0.902  0.563  1.772  0.306  1.722  -2.836  -0.178 
 0.350 8.000 0.682 6.084   0.25 0.417  5.393  -21.897  -2.703  1.323  -0.045  5.280  2.046  4.580  -0.100  -2.506  -4.818  -4.647  0.931  0.476  1.897  0.344  1.897  -3.317  -0.190 
 0.350 9.000 0.688 6.009   0.26 0.484  5.348  -22.084  -2.817  1.379  -0.048  5.385  2.082  4.865  -0.096  -2.603  -4.817  -4.731  0.942  0.448  1.949  0.367  1.977  -3.528  -0.193 
 0.350 9.500 0.690 5.977   0.23 0.567  5.212  -22.117  -2.856  1.393  -0.049  5.431  2.106  5.035  -0.096  -2.633  -4.786  -4.762  0.942  0.443  1.966  0.380  2.005  -3.613  -0.193 
 0.400 2.000 0.465 3.037   0.18 -83.348  -367.338  -6.421  -0.688  0.623  -0.057  19.365  13.472  23.679  -12.527  -2.427  -155.842  -13.749  3.353  20.243  5.452  -11.086  34.969  -104.677  7.427 
 0.400 2.500 0.633 6.069   0.01 0.563  -15.315  -18.985  0.358  -0.111  -0.021  8.530  3.164  7.075  -0.164  -4.174  -12.884  -6.545  1.191  0.315  3.634  -1.005  1.259  -6.818  0.163 
 0.400 3.000 0.637 6.552   0.11 -0.733  3.353  -19.110  -2.040  0.690  -0.008  4.763  1.651  3.001  -0.169  -1.716  -4.536  -4.510  0.791  0.593  1.837  0.143  1.514  -2.546  -0.303 
 0.400 3.500 0.644 6.517   0.16 0.269  5.775  -20.825  -2.083  0.991  -0.026  4.729  1.835  3.165  -0.133  -1.951  -4.931  -4.183  0.862  0.645  1.640  0.195  1.453  -2.115  -0.164 
 0.400 4.000 0.645 6.475   0.08 2.385  6.493  -20.255  -1.421  0.676  -0.022  5.780  1.884  4.439  -0.129  -1.935  -4.485  -4.242  0.786  0.757  1.596  0.157  1.516  -2.643  -0.023 
 0.400 4.500 0.641 6.482   0.08 0.926  0.814  -18.340  -1.508  0.501  -0.027  6.096  2.462  4.543  -0.195  -1.656  -4.706  -4.051  0.809  0.732  1.412  0.219  1.010  -3.110  0.021 
 0.400 5.000 0.658 6.383   0.14 0.341  5.538  -21.156  -2.268  1.089  -0.031  4.921  1.906  3.627  -0.125  -2.119  -4.848  -4.317  0.883  0.613  1.693  0.263  1.590  -2.499  -0.172 
 0.400 5.500 0.662 6.340   0.15 0.355  5.534  -21.258  -2.335  1.122  -0.033  4.971  1.923  3.760  -0.121  -2.169  -4.828  -4.360  0.889  0.596  1.719  0.275  1.633  -2.613  -0.175 
 0.400 6.000 0.665 6.298   0.18 0.373  5.505  -21.354  -2.395  1.153  -0.035  5.019  1.944  3.900  -0.120  -2.218  -4.820  -4.403  0.895  0.580  1.743  0.289  1.675  -2.731  -0.176 
 0.400 6.500 0.669 6.255   0.17 0.380  5.521  -21.445  -2.445  1.186  -0.037  5.056  1.961  4.043  -0.117  -2.263  -4.798  -4.437  0.900  0.565  1.766  0.305  1.714  -2.816  -0.178 
 0.400 7.000 0.672 6.215   0.31 0.397  5.503  -21.544  -2.504  1.216  -0.039  5.109  1.983  4.181  -0.113  -2.318  -4.787  -4.487  0.908  0.543  1.790  0.318  1.756  -2.907  -0.180 
 0.400 8.500 0.682 6.096   0.24 0.418  5.403  -21.888  -2.690  1.317  -0.044  5.269  2.044  4.522  -0.102  -2.497  -4.854  -4.637  0.931  0.482  1.892  0.341  1.886  -3.267  -0.192 
 0.400 9.000 0.684 6.061   0.25 0.443  5.369  -21.963  -2.738  1.340  -0.046  5.318  2.060  4.664  -0.100  -2.538  -4.836  -4.672  0.935  0.470  1.914  0.351  1.921  -3.368  -0.192 
 0.450 2.000 0.128 2.605   0.07 -21.197  -157.428  -1.189  3.374  0.964  -0.060  4.491  2.997  4.835  4.865  2.276  -135.274  -2.941  0.816  5.389  1.103  -20.007  6.067  -21.512  1.664 
 0.450 2.500 0.627 6.037   0.00 -0.300  -7.250  -18.711  1.570  -0.181  -0.018  8.488  2.762  6.812  -0.198  -4.206  -12.637  -6.483  1.226  0.367  3.803  -1.111  1.147  -5.333  0.001 
 0.450 3.000 0.631 6.600   0.10 -1.177  3.570  -18.908  -2.005  0.657  -0.005  4.649  1.631  2.688  -0.140  -1.662  -4.464  -4.490  0.792  0.538  1.825  0.124  1.486  -2.250  -0.305 
 0.450 3.500 0.640 6.561   0.14 0.276  5.559  -20.770  -2.047  0.979  -0.025  4.669  1.830  3.071  -0.143  -1.892  -4.841  -4.091  0.860  0.697  1.570  0.207  1.375  -1.981  -0.156 
 0.450 4.000 0.630 6.577   0.06 1.678  0.950  -18.319  -1.322  0.414  -0.020  5.806  2.283  4.174  -0.201  -1.612  -4.562  -4.081  0.778  0.801  1.468  0.173  0.920  -2.778  0.073 
 0.450 4.500 0.636 6.533   0.06 1.378  1.616  -18.482  -1.436  0.474  -0.024  5.867  2.310  4.354  -0.204  -1.620  -4.762  -4.019  0.784  0.826  1.439  0.204  0.981  -3.087  0.049 
 0.450 5.000 0.651 6.427   0.08 2.502  6.463  -20.797  -1.577  0.761  -0.025  5.828  1.965  4.639  -0.149  -2.080  -4.449  -4.297  0.809  0.818  1.615  0.209  1.587  -2.776  -0.053 
 0.450 5.500 0.656 6.387   0.10 0.311  5.081  -21.293  -2.240  0.953  -0.024  5.325  1.895  4.413  -0.089  -2.212  -5.068  -4.201  0.825  0.680  1.705  0.303  1.671  -3.179  -0.194 
 0.450 6.000 0.661 6.343   0.13 0.342  5.568  -21.239  -2.324  1.122  -0.034  4.940  1.923  3.743  -0.123  -2.153  -4.812  -4.344  0.887  0.598  1.709  0.279  1.624  -2.587  -0.172 
 0.450 6.500 0.665 6.304   0.14 0.375  5.508  -21.341  -2.385  1.148  -0.035  5.011  1.942  3.878  -0.119  -2.212  -4.822  -4.397  0.894  0.582  1.739  0.288  1.669  -2.703  -0.176 
 0.450 7.000 0.668 6.264   0.15 0.393  5.489  -21.438  -2.442  1.178  -0.037  5.059  1.959  4.010  -0.117  -2.262  -4.812  -4.439  0.900  0.565  1.764  0.301  1.709  -2.808  -0.178 
 0.450 7.500 0.672 6.225   0.17 0.404  5.474  -21.522  -2.491  1.209  -0.039  5.100  1.976  4.131  -0.115  -2.307  -4.806  -4.478  0.907  0.557  1.789  0.313  1.744  -2.901  -0.178 
 0.450 8.000 0.675 6.186   0.28 0.406  5.483  -21.614  -2.546  1.237  -0.040  5.149  1.995  4.280  -0.111  -2.356  -4.793  -4.519  0.912  0.532  1.813  0.324  1.786  -2.994  -0.181 
 0.450 9.000 0.680 6.111   0.33 0.353  5.233  -21.773  -2.662  1.292  -0.043  5.255  2.041  4.550  -0.108  -2.460  -4.854  -4.617  0.925  0.497  1.886  0.323  1.864  -3.271  -0.187 
 0.450 9.500 0.683 6.075   0.24 0.435  5.422  -21.925  -2.718  1.329  -0.045  5.303  2.053  4.624  -0.102  -2.518  -4.833  -4.658  0.932  0.479  1.904  0.346  1.908  -3.345  -0.191 
 0.500 2.000 0.124 2.615   0.07 -21.864  -162.297  -1.228  3.473  0.974  -0.054  4.613  3.076  4.964  4.969  2.332  -139.527  -3.029  0.837  5.533  1.130  -20.928  6.251  -22.122  1.708 
 0.500 2.500 0.614 6.527   0.00 7.681  -0.480  -18.070  -0.828  0.247  0.013  3.733  2.010  2.552  -0.086  -1.993  -2.314  -5.377  0.926  1.415  1.813  -0.143  0.898  -3.700  -0.091 
 0.500 3.000 0.631 6.642   0.13 0.201  5.813  -20.586  -1.925  0.919  -0.022  4.554  1.793  2.817  -0.145  -1.787  -4.861  -4.016  0.849  0.713  1.510  0.194  1.333  -1.808  -0.158 
 0.500 3.500 0.635 6.601   0.14 0.291  5.530  -20.700  -1.999  0.955  -0.024  4.613  1.814  2.956  -0.147  -1.846  -4.812  -4.043  0.856  0.718  1.540  0.197  1.328  -1.875  -0.152 
 0.500 4.000 0.627 6.606   0.06 1.965  1.805  -18.481  -1.281  0.391  -0.017  5.645  2.157  3.972  -0.215  -1.596  -4.791  -4.100  0.767  0.924  1.509  0.166  0.948  -2.680  0.091 
 0.500 4.500 0.631 6.582   0.06 1.625  1.868  -18.547  -1.341  0.444  -0.020  5.686  2.198  4.164  -0.202  -1.614  -4.962  -4.023  0.769  0.866  1.467  0.194  0.960  -2.937  0.055 
 0.500 5.000 0.637 6.533   0.06 1.420  1.616  -18.578  -1.471  0.487  -0.024  5.830  2.286  4.374  -0.183  -1.643  -5.007  -4.012  0.780  0.800  1.441  0.215  1.005  -3.070  0.042 
 0.500 5.500 0.650 6.442   0.08 2.362  6.134  -20.696  -1.562  0.766  -0.024  5.706  1.919  4.566  -0.155  -2.031  -4.545  -4.268  0.799  0.820  1.604  0.215  1.586  -2.694  -0.089 
 0.500 6.000 0.654 6.398   0.09 2.454  5.471  -21.146  -1.651  0.826  -0.027  5.786  1.984  4.749  -0.157  -2.178  -4.390  -4.322  0.816  0.898  1.627  0.241  1.643  -3.098  -0.064 
 0.500 6.500 0.661 6.348   0.13 0.358  5.556  -21.193  -2.318  1.130  -0.034  4.908  1.923  3.634  -0.127  -2.141  -4.766  -4.360  0.895  0.589  1.708  0.269  1.606  -2.483  -0.171 
 0.500 7.000 0.664 6.309   0.13 0.373  5.528  -21.300  -2.369  1.159  -0.036  4.953  1.938  3.751  -0.125  -2.191  -4.796  -4.401  0.901  0.582  1.736  0.280  1.649  -2.586  -0.175 
 0.500 7.500 0.668 6.270   0.17 0.382  5.512  -21.415  -2.428  1.177  -0.037  5.041  1.959  3.979  -0.117  -2.247  -4.801  -4.423  0.900  0.571  1.755  0.297  1.697  -2.770  -0.175 
 0.500 8.000 0.671 6.225   0.09 0.439  5.713  -21.476  -2.393  1.163  -0.038  5.023  1.947  4.546  -0.117  -2.270  -4.767  -4.453  0.843  0.490  1.783  0.388  1.766  -2.680  -0.151 
 0.500 8.500 0.674 6.196   0.17 0.406  5.454  -21.592  -2.535  1.234  -0.040  5.134  1.991  4.195  -0.111  -2.349  -4.921  -4.515  0.912  0.542  1.812  0.317  1.767  -2.977  -0.179 
 0.500 10.000 0.682 6.088   0.32 0.462  5.378  -21.876  -2.692  1.309  -0.044  5.278  2.052  4.640  -0.105  -2.485  -4.779  -4.623  0.928  0.503  1.887  0.339  1.893  -3.298  -0.187 
 0.550 2.000 0.120 2.624   0.07 -22.505  -166.971  -1.266  3.567  0.984  -0.049  4.730  3.152  5.088  5.068  2.386  -143.612  -3.114  0.857  5.672  1.156  -21.817  6.424  -22.709  1.751 
 0.550 2.500 0.630 6.292   0.00 2.501  -0.527  -17.697  -1.133  0.007  -0.001  6.594  1.374  4.757  -0.029  -2.452  -4.958  -5.670  1.062  1.399  2.418  -0.608  1.441  -9.189  0.352 
 0.550 3.000 0.620 6.679   0.09 -1.957  3.960  -18.391  -1.892  0.574  0.001  4.494  1.603  2.210  -0.077  -1.569  -4.265  -4.492  0.796  0.417  1.797  0.063  1.384  -1.911  -0.214 
 0.550 3.500 0.631 6.636   0.15 0.210  5.750  -20.603  -1.937  0.925  -0.022  4.560  1.790  2.834  -0.144  -1.792  -4.703  -4.019  0.848  0.717  1.512  0.194  1.338  -1.844  -0.161 
 0.550 4.000 0.622 6.652   0.05 1.893  2.300  -18.605  -1.212  0.378  -0.013  5.471  1.999  3.763  -0.215  -1.593  -4.739  -4.125  0.757  1.008  1.535  0.166  0.992  -2.557  0.074 
 0.550 4.500 0.636 6.571   0.06 1.444  7.609  -19.664  -1.430  0.625  -0.017  5.349  1.670  3.922  -0.129  -1.687  -4.361  -4.135  0.758  0.656  1.575  0.159  1.480  -2.373  -0.133 
 0.550 5.000 0.640 6.529   0.06 1.672  7.088  -19.902  -1.455  0.670  -0.019  5.440  1.760  4.137  -0.139  -1.774  -4.287  -4.170  0.769  0.684  1.573  0.181  1.499  -2.382  -0.128 
 0.550 5.500 0.645 6.483   0.06 1.870  6.686  -20.204  -1.513  0.720  -0.022  5.533  1.833  4.337  -0.143  -1.874  -4.383  -4.219  0.781  0.740  1.581  0.200  1.552  -2.510  -0.118 
 0.550 6.000 0.653 6.427   0.07 0.546  5.459  -21.314  -2.093  0.923  -0.023  5.192  1.826  4.211  -0.106  -2.157  -5.090  -4.185  0.815  0.728  1.711  0.294  1.704  -2.962  -0.221 
 0.550 6.500 0.654 6.402   0.08 2.273  5.719  -21.076  -1.667  0.834  -0.027  5.706  1.946  4.708  -0.177  -2.131  -4.436  -4.333  0.812  0.910  1.627  0.251  1.667  -2.964  -0.096 
 0.550 7.000 0.660 6.353   0.08 0.519  5.354  -21.494  -2.253  0.997  -0.027  5.195  1.872  4.451  -0.078  -2.244  -4.957  -4.230  0.830  0.704  1.720  0.329  1.732  -3.121  -0.188 
 0.550 7.500 0.663 6.316   0.09 0.452  5.423  -21.726  -2.329  1.047  -0.028  5.232  1.891  4.609  -0.073  -2.341  -5.066  -4.305  0.843  0.680  1.746  0.352  1.782  -3.212  -0.184 
 0.550 8.000 0.667 6.276   0.18 0.378  5.496  -21.399  -2.419  1.172  -0.036  5.032  1.956  3.958  -0.117  -2.239  -4.809  -4.417  0.899  0.576  1.751  0.295  1.690  -2.748  -0.174 
 0.550 8.500 0.670 6.239   0.23 0.397  5.480  -21.482  -2.468  1.197  -0.038  5.078  1.972  4.102  -0.116  -2.285  -4.800  -4.457  0.903  0.558  1.774  0.310  1.731  -2.856  -0.179 
 0.600 2.000 0.117 2.632   0.07 -23.123  -171.473  -1.302  3.658  0.993  -0.044  4.843  3.225  5.207  5.163  2.438  -147.548  -3.195  0.877  5.806  1.181  -22.675  6.589  -23.274  1.793 
 0.600 2.500 0.622 5.839   0.00 -11.566  -0.227  -17.264  0.152  -0.659  0.012  13.015  4.227  7.782  -0.134  -4.185  -18.251  -7.076  1.665  0.425  4.447  -2.744  2.129  -5.151  0.836 
 0.600 3.000 0.614 6.712   0.06 -1.627  6.747  -18.210  -1.747  0.513  0.006  4.436  1.487  2.183  -0.082  -1.538  -3.970  -4.666  0.798  0.404  1.815  -0.015  1.306  -1.848  -0.050 
 0.600 3.500 0.627 6.671   0.15 0.184  5.792  -20.529  -1.887  0.901  -0.021  4.510  1.777  2.721  -0.145  -1.749  -4.771  -3.977  0.843  0.729  1.487  0.188  1.308  -1.744  -0.158 
 0.600 4.000 0.618 6.685   0.05 1.971  2.930  -18.703  -1.156  0.352  -0.010  5.379  1.919  3.538  -0.227  -1.587  -4.716  -4.182  0.754  1.062  1.577  0.149  1.034  -2.344  0.072 
 0.600 4.500 0.624 6.645   0.06 2.081  3.276  -18.841  -1.264  0.408  -0.013  5.438  1.940  3.799  -0.211  -1.616  -4.669  -4.118  0.758  1.017  1.535  0.180  1.051  -2.739  0.038 
 0.600 5.000 0.636 6.573   0.06 1.211  6.911  -19.683  -1.456  0.646  -0.017  5.282  1.651  3.900  -0.127  -1.691  -4.302  -4.125  0.758  0.632  1.570  0.170  1.497  -2.392  -0.152 
 0.600 5.500 0.640 6.532   0.06 1.489  6.770  -19.960  -1.499  0.689  -0.020  5.381  1.736  4.115  -0.145  -1.773  -4.160  -4.178  0.769  0.694  1.575  0.187  1.533  -2.443  -0.148 
 0.600 6.000 0.645 6.487   0.06 1.794  6.819  -20.203  -1.538  0.729  -0.022  5.456  1.812  4.297  -0.148  -1.855  -4.298  -4.211  0.779  0.737  1.580  0.208  1.556  -2.513  -0.139 
 0.600 6.500 0.653 6.427   0.07 0.478  5.743  -21.283  -2.095  0.929  -0.023  5.136  1.822  4.169  -0.109  -2.140  -5.092  -4.200  0.816  0.713  1.712  0.300  1.713  -2.893  -0.232 
 0.600 7.000 0.652 6.415   0.07 2.236  6.094  -20.872  -1.648  0.823  -0.026  5.606  1.910  4.649  -0.184  -2.053  -4.259  -4.318  0.804  0.864  1.613  0.254  1.645  -2.847  -0.122 
 0.600 7.500 0.660 6.355   0.07 0.595  5.616  -21.677  -2.196  1.006  -0.027  5.193  1.865  4.467  -0.096  -2.288  -5.124  -4.279  0.834  0.725  1.742  0.338  1.782  -3.092  -0.200 
 0.600 8.000 0.664 6.318   0.17 0.346  5.556  -21.294  -2.357  1.140  -0.035  4.971  1.934  3.838  -0.122  -2.182  -4.808  -4.368  0.890  0.590  1.723  0.286  1.650  -2.647  -0.174 
 0.600 8.500 0.667 6.283   0.21 0.371  5.516  -21.385  -2.412  1.168  -0.036  5.026  1.953  3.939  -0.118  -2.231  -4.789  -4.409  0.899  0.576  1.746  0.294  1.682  -2.739  -0.175 
 0.600 9.000 0.670 6.247   0.23 0.409  5.479  -21.477  -2.460  1.194  -0.038  5.073  1.970  4.058  -0.117  -2.277  -4.790  -4.448  0.905  0.562  1.770  0.304  1.721  -2.825  -0.179 
 0.600 9.500 0.672 6.213   0.25 0.406  5.504  -21.562  -2.512  1.219  -0.039  5.118  1.986  4.172  -0.113  -2.322  -4.789  -4.485  0.910  0.550  1.794  0.313  1.756  -2.928  -0.179 
 0.650 2.000 0.114 2.639   0.07 -23.724  -175.842  -1.338  3.746  1.002  -0.040  4.953  3.296  5.323  5.255  2.488  -151.369  -3.275  0.896  5.936  1.206  -23.511  6.747  -23.822  1.833 
 0.650 2.500 0.620 6.481   0.00 3.139  -1.094  -17.449  -0.800  0.034  0.009  6.077  1.693  4.010  -0.109  -2.210  -2.580  -5.548  1.054  1.436  2.218  -0.530  1.113  -3.644  0.052 
 0.650 3.000 0.621 6.493   0.05 3.541  -9.960  -17.857  -1.137  0.247  0.002  5.584  2.686  3.664  -0.306  -2.218  -2.866  -5.828  0.892  1.516  2.198  -0.470  1.045  -3.075  0.089 
 0.650 3.500 0.623 6.705   0.13 0.144  5.918  -20.445  -1.847  0.881  -0.019  4.464  1.753  2.605  -0.148  -1.709  -4.839  -3.947  0.838  0.730  1.472  0.181  1.270  -1.638  -0.157 
 0.650 4.000 0.623 6.671   0.06 0.751  8.062  -19.067  -1.432  0.529  -0.008  5.178  1.531  3.357  -0.117  -1.529  -4.444  -4.114  0.747  0.594  1.594  0.110  1.416  -2.207  -0.208 
 0.650 4.500 0.620 6.678   0.05 1.867  3.257  -18.893  -1.217  0.385  -0.011  5.367  1.891  3.606  -0.224  -1.617  -4.899  -4.161  0.757  1.085  1.572  0.170  1.084  -2.476  0.035 
 0.650 5.000 0.639 6.564   0.07 0.017  5.131  -20.296  -1.963  0.830  -0.019  4.862  1.721  3.338  -0.115  -1.852  -5.101  -4.069  0.793  0.562  1.658  0.241  1.488  -2.590  -0.300 
 0.650 5.500 0.636 6.572   0.06 1.111  7.210  -19.733  -1.484  0.659  -0.017  5.255  1.660  3.901  -0.133  -1.699  -4.347  -4.132  0.762  0.638  1.572  0.180  1.501  -2.353  -0.165 
 0.650 6.000 0.640 6.535   0.06 1.359  7.174  -19.990  -1.525  0.700  -0.020  5.316  1.721  4.083  -0.147  -1.766  -4.180  -4.171  0.769  0.696  1.576  0.196  1.537  -2.449  -0.162 
 0.650 6.500 0.645 6.491   0.06 1.691  7.078  -20.196  -1.583  0.735  -0.022  5.395  1.797  4.266  -0.145  -1.840  -4.328  -4.209  0.778  0.723  1.580  0.216  1.563  -2.525  -0.148 
 0.650 7.000 0.653 6.428   0.06 0.379  5.685  -21.228  -2.096  0.937  -0.024  5.069  1.809  4.114  -0.109  -2.123  -5.112  -4.212  0.817  0.679  1.713  0.304  1.720  -2.790  -0.243 
 0.650 7.500 0.652 6.424   0.06 2.165  6.277  -20.655  -1.636  0.813  -0.026  5.487  1.864  4.568  -0.179  -1.980  -4.146  -4.286  0.794  0.813  1.598  0.255  1.621  -2.857  -0.141 
 0.650 8.000 0.655 6.391   0.06 2.321  6.046  -20.772  -1.673  0.841  -0.029  5.538  1.903  4.709  -0.184  -2.032  -4.184  -4.311  0.801  0.837  1.600  0.276  1.629  -3.067  -0.126 
 0.650 8.500 0.663 6.324   0.15 0.345  5.569  -21.291  -2.350  1.139  -0.035  4.970  1.936  3.794  -0.122  -2.181  -4.795  -4.371  0.893  0.593  1.722  0.282  1.643  -2.589  -0.172 
 0.650 9.000 0.666 6.288   0.18 0.364  5.515  -21.366  -2.400  1.162  -0.036  5.011  1.950  3.939  -0.119  -2.221  -4.796  -4.402  0.895  0.578  1.742  0.296  1.681  -2.717  -0.176 
 0.650 9.500 0.669 6.254   0.23 0.391  5.502  -21.463  -2.452  1.189  -0.037  5.064  1.967  4.035  -0.117  -2.269  -4.789  -4.439  0.904  0.567  1.765  0.302  1.714  -2.813  -0.177 
 0.700 2.000 0.111 2.646   0.07 -24.291  -179.967  -1.371  3.828  1.010  -0.033  5.056  3.363  5.432  5.340  2.534  -154.980  -3.349  0.913  6.058  1.228  -24.314  6.895  -24.339  1.871 
 0.700 2.500 0.603 6.195   0.00 -3.387  -10.557  -18.318  1.581  -0.394  -0.012  8.182  3.155  5.804  -0.291  -3.876  -16.829  -6.395  1.235  0.572  3.741  -1.376  1.519  -8.146  0.202 
 0.700 3.000 0.618 6.499   0.04 3.369  -10.015  -17.665  -1.064  0.209  0.002  5.366  2.753  3.554  -0.247  -2.254  -3.425  -5.907  0.900  1.356  2.262  -0.510  1.048  -2.938  0.067 
 0.700 3.500 0.619 6.737   0.12 0.135  5.973  -20.373  -1.805  0.859  -0.018  4.418  1.739  2.510  -0.150  -1.671  -4.939  -3.910  0.834  0.741  1.450  0.173  1.235  -1.530  -0.153 
 0.700 4.000 0.624 6.682   0.06 0.116  4.460  -19.889  -1.926  0.721  -0.012  4.714  1.604  2.854  -0.124  -1.656  -5.446  -3.884  0.767  0.657  1.635  0.174  1.321  -2.270  -0.284 
 0.700 4.500 0.623 6.676   0.05 1.010  7.387  -19.126  -1.391  0.539  -0.009  5.088  1.522  3.348  -0.123  -1.539  -4.393  -4.086  0.746  0.578  1.579  0.128  1.375  -2.244  -0.189 
 0.700 5.000 0.629 6.635   0.06 0.490  7.614  -19.371  -1.461  0.600  -0.012  5.142  1.553  3.514  -0.119  -1.608  -4.730  -4.081  0.762  0.543  1.583  0.175  1.433  -1.988  -0.182 
 0.700 5.500 0.637 6.574   0.06 -0.115  5.438  -20.289  -1.974  0.810  -0.018  4.863  1.708  3.393  -0.121  -1.818  -5.296  -4.039  0.790  0.604  1.653  0.237  1.500  -2.400  -0.280 
 0.700 6.000 0.636 6.573   0.06 1.107  7.269  -19.768  -1.502  0.668  -0.017  5.195  1.648  3.872  -0.136  -1.693  -4.354  -4.117  0.762  0.647  1.572  0.189  1.496  -2.295  -0.173 
 0.700 6.500 0.641 6.530   0.06 1.295  7.020  -19.919  -1.534  0.703  -0.020  5.291  1.740  4.073  -0.137  -1.767  -4.491  -4.167  0.770  0.662  1.573  0.206  1.522  -2.371  -0.167 
 0.700 7.000 0.649 6.467   0.06 0.174  5.606  -20.937  -2.067  0.906  -0.022  4.965  1.774  3.894  -0.117  -2.021  -5.149  -4.161  0.809  0.650  1.695  0.290  1.660  -2.636  -0.259 
 0.700 7.500 0.652 6.431   0.06 0.259  5.842  -21.161  -2.106  0.940  -0.024  5.010  1.800  4.056  -0.116  -2.095  -5.040  -4.212  0.818  0.661  1.713  0.309  1.711  -2.723  -0.248 
 0.700 8.000 0.656 6.394   0.06 0.369  5.870  -21.375  -2.147  0.975  -0.026  5.055  1.822  4.213  -0.122  -2.166  -5.067  -4.262  0.828  0.683  1.733  0.328  1.758  -2.831  -0.239 
 0.700 8.500 0.660 6.363   0.14 0.337  5.569  -21.202  -2.296  1.111  -0.033  4.919  1.919  3.664  -0.126  -2.132  -4.809  -4.330  0.888  0.609  1.696  0.271  1.605  -2.505  -0.169 
 0.700 9.000 0.663 6.328   0.12 0.348  5.552  -21.281  -2.348  1.135  -0.034  4.970  1.933  3.794  -0.121  -2.174  -4.802  -4.358  0.892  0.593  1.716  0.280  1.639  -2.631  -0.172 
 0.700 9.500 0.666 6.294   0.20 0.378  5.516  -21.360  -2.396  1.160  -0.036  5.016  1.948  3.907  -0.120  -2.217  -4.785  -4.395  0.897  0.581  1.737  0.291  1.671  -2.705  -0.174 
 0.700 10.000 0.669 6.260   0.17 0.378  5.492  -21.431  -2.439  1.182  -0.037  5.046  1.963  4.034  -0.117  -2.257  -4.791  -4.433  0.900  0.566  1.759  0.304  1.709  -2.798  -0.178 
 0.750 2.000 0.387 3.242   0.29 -143.912  -682.366  -10.653  3.638  -0.126  0.083  30.530  21.013  36.417  -22.853  -1.512  -335.781  -21.717  5.287  32.654  8.311  -21.198  51.018  -159.696  11.496 
 0.750 3.000 0.615 6.515   0.03 3.047  -10.117  -17.482  -0.970  0.175  0.004  5.177  2.711  3.411  -0.214  -2.245  -3.690  -5.943  0.906  1.283  2.301  -0.541  1.062  -2.860  0.058 
 0.750 3.500 0.615 6.767   0.11 0.141  6.007  -20.316  -1.764  0.839  -0.017  4.372  1.733  2.434  -0.152  -1.633  -4.854  -3.875  0.831  0.748  1.422  0.170  1.209  -1.479  -0.151 
 0.750 4.000 0.620 6.716   0.07 -0.177  4.233  -19.803  -1.909  0.721  -0.012  4.707  1.643  2.759  -0.136  -1.646  -5.792  -3.876  0.769  0.691  1.619  0.155  1.238  -2.162  -0.257 
 0.750 4.500 0.625 6.676   0.06 -0.049  4.432  -19.803  -1.933  0.725  -0.013  4.731  1.638  2.913  -0.121  -1.648  -5.135  -3.905  0.772  0.614  1.617  0.177  1.323  -2.257  -0.281 
 0.750 5.000 0.630 6.638   0.06 -0.154  4.939  -19.926  -1.952  0.769  -0.015  4.747  1.665  3.029  -0.117  -1.694  -5.280  -3.959  0.781  0.566  1.623  0.202  1.384  -2.134  -0.286 
 0.750 5.500 0.634 6.604   0.06 -0.192  4.981  -20.081  -1.965  0.795  -0.017  4.801  1.705  3.209  -0.119  -1.761  -5.284  -4.009  0.788  0.572  1.636  0.221  1.430  -2.220  -0.281 
 0.750 6.000 0.638 6.568   0.06 -0.167  5.572  -20.310  -2.004  0.825  -0.018  4.835  1.722  3.383  -0.120  -1.823  -5.153  -4.054  0.794  0.586  1.653  0.240  1.496  -2.329  -0.280 
 0.750 6.500 0.637 6.566   0.06 0.904  7.125  -19.760  -1.526  0.678  -0.017  5.201  1.662  3.892  -0.137  -1.701  -4.367  -4.136  0.766  0.649  1.572  0.196  1.511  -2.294  -0.173 
 0.750 7.000 0.641 6.534   0.06 1.026  7.291  -19.970  -1.563  0.717  -0.019  5.216  1.697  4.027  -0.140  -1.754  -4.257  -4.156  0.770  0.668  1.577  0.213  1.545  -2.380  -0.176 
 0.750 7.500 0.649 6.463   0.06 -0.005  5.804  -20.934  -2.100  0.923  -0.022  4.927  1.775  3.854  -0.123  -2.020  -5.112  -4.188  0.814  0.631  1.702  0.295  1.668  -2.574  -0.267 
 0.750 8.000 0.653 6.430   0.07 0.096  5.836  -21.090  -2.116  0.943  -0.024  4.996  1.816  4.026  -0.119  -2.088  -4.896  -4.230  0.822  0.621  1.716  0.315  1.698  -2.622  -0.254 
 0.750 8.500 0.656 6.395   0.07 0.046  5.941  -21.348  -2.182  0.988  -0.026  5.025  1.813  4.171  -0.129  -2.160  -5.020  -4.303  0.833  0.656  1.743  0.333  1.785  -2.779  -0.247 
 0.750 9.000 0.659 6.365   0.12 0.338  5.576  -21.192  -2.293  1.109  -0.033  4.917  1.917  3.659  -0.127  -2.128  -4.809  -4.325  0.887  0.609  1.695  0.270  1.601  -2.500  -0.170 
 0.750 9.500 0.662 6.332   0.14 0.345  5.574  -21.272  -2.339  1.132  -0.034  4.959  1.932  3.776  -0.123  -2.169  -4.801  -4.360  0.891  0.597  1.715  0.281  1.636  -2.590  -0.172 
 0.750 10.000 0.665 6.299   0.24 0.370  5.566  -21.360  -2.388  1.155  -0.035  5.010  1.949  3.900  -0.120  -2.209  -4.766  -4.386  0.897  0.581  1.737  0.283  1.670  -2.691  -0.173 
 0.800 2.000 0.107 2.654   0.08 -25.214  -186.724  -1.425  3.968  1.025  -0.032  5.224  3.472  5.608  5.488  2.614  -160.889  -3.470  0.943  6.258  1.266  -25.556  7.130  -25.183  1.932 
 0.800 3.000 0.609 6.804   0.07 -0.236  8.318  -19.932  -1.563  0.787  -0.014  4.693  1.571  2.008  -0.157  -1.548  -5.023  -3.996  0.771  0.611  1.458  0.176  1.342  -1.568  -0.228 
 0.800 3.500 0.611 6.795   0.11 0.116  6.024  -20.256  -1.727  0.821  -0.016  4.338  1.722  2.358  -0.155  -1.598  -4.884  -3.845  0.827  0.759  1.400  0.166  1.185  -1.407  -0.151 
 0.800 4.000 0.618 6.738   0.07 -0.273  3.784  -19.882  -1.927  0.748  -0.013  4.626  1.635  2.625  -0.145  -1.626  -5.623  -3.821  0.771  0.733  1.603  0.147  1.182  -1.881  -0.240 
 0.800 4.500 0.621 6.707   0.06 -0.168  4.907  -19.740  -1.937  0.735  -0.012  4.653  1.617  2.772  -0.122  -1.610  -6.022  -3.856  0.769  0.639  1.597  0.159  1.259  -2.110  -0.271 
 0.800 5.000 0.626 6.669   0.05 -0.223  4.834  -19.777  -1.948  0.749  -0.014  4.682  1.651  2.887  -0.111  -1.643  -5.200  -3.913  0.776  0.557  1.604  0.185  1.319  -2.139  -0.269 
 0.800 5.500 0.632 6.629   0.09 0.157  6.028  -20.424  -1.889  0.905  -0.021  4.530  1.729  2.825  -0.126  -1.778  -4.845  -4.067  0.792  0.691  1.600  0.169  1.338  -1.912  -0.164 
 0.800 6.000 0.634 6.607   0.06 -0.272  5.344  -20.112  -1.985  0.815  -0.017  4.746  1.687  3.186  -0.125  -1.752  -5.160  -4.009  0.789  0.551  1.633  0.221  1.426  -2.170  -0.294 
 0.800 6.500 0.638 6.568   0.06 -0.203  5.649  -20.334  -2.033  0.846  -0.018  4.767  1.703  3.337  -0.124  -1.813  -5.135  -4.048  0.796  0.569  1.653  0.242  1.491  -2.248  -0.291 
 0.800 7.000 0.637 6.568   0.06 0.824  7.343  -19.759  -1.525  0.680  -0.017  5.143  1.648  3.856  -0.134  -1.693  -4.466  -4.112  0.765  0.651  1.572  0.206  1.496  -2.235  -0.172 
 0.800 7.500 0.646 6.499   0.06 -0.049  5.536  -20.654  -2.078  0.891  -0.021  4.865  1.770  3.669  -0.124  -1.940  -5.178  -4.142  0.808  0.601  1.681  0.279  1.583  -2.429  -0.266 
 0.800 8.000 0.650 6.460   0.06 -0.044  5.443  -20.813  -2.118  0.922  -0.023  4.904  1.795  3.814  -0.124  -2.001  -5.195  -4.191  0.816  0.618  1.698  0.298  1.636  -2.548  -0.257 
 0.800 8.500 0.652 6.432   0.07 0.048  5.528  -21.036  -2.167  0.959  -0.024  4.895  1.792  3.919  -0.127  -2.063  -5.204  -4.228  0.824  0.624  1.721  0.317  1.681  -2.636  -0.259 
 0.800 9.000 0.656 6.401   0.14 0.318  5.620  -21.115  -2.248  1.084  -0.031  4.877  1.901  3.558  -0.127  -2.082  -4.818  -4.276  0.882  0.624  1.664  0.261  1.567  -2.440  -0.168 
 0.800 9.500 0.659 6.368   0.11 0.340  5.586  -21.154  -2.289  1.109  -0.033  4.906  1.912  3.629  -0.128  -2.118  -4.786  -4.328  0.889  0.602  1.691  0.267  1.590  -2.477  -0.169 
 0.800 10.000 0.662 6.335   0.17 0.347  5.573  -21.268  -2.338  1.130  -0.034  4.960  1.931  3.770  -0.122  -2.166  -4.817  -4.351  0.891  0.598  1.710  0.280  1.631  -2.588  -0.172 
 0.850 2.000 0.104 2.659   0.08 -25.879  -191.538  -1.464  4.062  1.036  -0.026  5.348  3.552  5.739  5.589  2.669  -165.103  -3.559  0.964  6.403  1.294  -26.494  7.302  -25.794  1.977 
 0.850 3.000 0.606 6.824   0.07 -0.415  8.564  -19.832  -1.536  0.767  -0.013  4.755  1.551  1.985  -0.160  -1.508  -4.807  -3.970  0.766  0.610  1.430  0.174  1.345  -1.524  -0.245 
 0.850 3.500 0.607 6.822   0.10 0.105  5.968  -20.197  -1.694  0.803  -0.015  4.299  1.712  2.280  -0.157  -1.566  -4.902  -3.813  0.824  0.771  1.380  0.161  1.158  -1.336  -0.153 
 0.850 4.000 0.613 6.771   0.09 -0.101  5.385  -19.922  -1.828  0.748  -0.013  4.492  1.584  2.484  -0.132  -1.598  -5.707  -3.781  0.766  0.709  1.584  0.137  1.121  -1.610  -0.214 
 0.850 4.500 0.618 6.736   0.06 -0.160  4.619  -19.766  -1.938  0.735  -0.012  4.588  1.611  2.634  -0.131  -1.585  -5.650  -3.816  0.771  0.683  1.584  0.150  1.198  -1.916  -0.255 
 0.850 5.000 0.623 6.695   0.05 -0.211  4.359  -19.808  -1.967  0.753  -0.014  4.624  1.656  2.752  -0.117  -1.618  -4.391  -3.885  0.778  0.598  1.590  0.169  1.262  -1.940  -0.253 
 0.850 5.500 0.627 6.663   0.06 -0.204  4.994  -19.814  -1.963  0.775  -0.015  4.656  1.680  2.835  -0.125  -1.642  -5.104  -3.940  0.782  0.556  1.600  0.190  1.314  -1.986  -0.270 
 0.850 6.000 0.631 6.628   0.06 -0.233  4.970  -19.944  -1.992  0.797  -0.016  4.708  1.690  3.033  -0.124  -1.695  -5.198  -3.978  0.787  0.553  1.616  0.206  1.372  -2.052  -0.274 
 0.850 6.500 0.636 6.591   0.06 -0.109  5.258  -20.104  -2.003  0.818  -0.018  4.735  1.713  3.188  -0.117  -1.755  -5.113  -4.016  0.792  0.547  1.632  0.225  1.414  -2.082  -0.269 
 0.850 7.000 0.639 6.562   0.06 -0.198  5.429  -20.276  -2.042  0.844  -0.019  4.775  1.736  3.348  -0.119  -1.814  -5.148  -4.065  0.798  0.557  1.648  0.243  1.472  -2.195  -0.267 
 0.850 7.500 0.643 6.528   0.06 -0.299  5.684  -20.483  -2.094  0.878  -0.020  4.787  1.721  3.481  -0.122  -1.860  -5.051  -4.104  0.804  0.587  1.667  0.261  1.556  -2.301  -0.264 
 0.850 8.000 0.646 6.492   0.07 -0.148  5.552  -20.574  -2.096  0.897  -0.022  4.838  1.781  3.633  -0.126  -1.927  -5.165  -4.152  0.810  0.602  1.679  0.281  1.565  -2.471  -0.257 
 0.850 8.500 0.650 6.454   0.09 0.048  5.265  -20.859  -2.157  0.955  -0.024  4.829  1.811  3.723  -0.125  -2.030  -5.015  -4.235  0.826  0.624  1.707  0.299  1.600  -2.592  -0.247 
 0.850 9.000 0.654 6.422   0.09 0.291  5.731  -21.004  -2.187  0.991  -0.026  4.773  1.803  3.767  -0.110  -2.078  -5.081  -4.259  0.831  0.579  1.726  0.314  1.617  -2.629  -0.249 
 0.850 9.500 0.656 6.403   0.14 0.317  5.620  -21.111  -2.245  1.083  -0.031  4.875  1.900  3.553  -0.127  -2.079  -4.821  -4.273  0.882  0.624  1.662  0.261  1.565  -2.434  -0.169 
 0.850 10.000 0.659 6.370   0.10 0.334  5.606  -21.160  -2.286  1.107  -0.033  4.909  1.913  3.629  -0.129  -2.117  -4.813  -4.325  0.888  0.607  1.690  0.267  1.590  -2.475  -0.170 
 0.900 2.000 0.353 3.358   0.31 -160.274  -775.080  -11.742  5.477  -0.559  -0.041  33.094  22.766  39.070  -25.470  -0.850  -396.129  -23.572  5.752  35.716  8.938  -24.685  53.453  -171.379  12.394 
 0.900 2.500 0.586 6.726   0.00 1.954  -3.811  -16.323  -1.091  0.037  0.020  5.999  2.334  3.373  -0.224  -1.749  -2.441  -5.229  0.985  1.268  1.761  -0.564  0.612  -2.569  -0.074 
 0.900 3.000 0.602 6.852   0.06 -0.357  9.107  -19.809  -1.533  0.752  -0.011  4.742  1.518  1.898  -0.155  -1.471  -4.627  -3.934  0.759  0.590  1.402  0.183  1.339  -1.464  -0.271 
 0.900 3.500 0.606 6.828   0.09 -0.130  8.194  -20.074  -1.565  0.789  -0.014  4.581  1.564  2.015  -0.167  -1.542  -4.905  -3.932  0.777  0.676  1.442  0.165  1.263  -1.435  -0.167 
 0.900 4.000 0.611 6.791   0.09 -0.233  4.923  -19.894  -1.826  0.761  -0.013  4.462  1.581  2.415  -0.143  -1.560  -5.588  -3.737  0.765  0.753  1.556  0.126  1.082  -1.397  -0.205 
 0.900 4.500 0.615 6.762   0.07 -0.251  4.245  -19.743  -1.908  0.738  -0.013  4.541  1.632  2.530  -0.134  -1.571  -5.584  -3.786  0.771  0.710  1.564  0.137  1.130  -1.814  -0.226 
 0.900 5.000 0.618 6.730   0.05 -0.038  4.705  -19.549  -1.906  0.715  -0.012  4.585  1.643  2.651  -0.111  -1.564  -5.415  -3.838  0.771  0.569  1.567  0.154  1.172  -1.902  -0.252 
 0.900 5.500 0.622 6.698   0.06 -0.162  5.473  -19.407  -1.883  0.690  -0.012  4.712  1.612  2.824  -0.116  -1.554  -5.699  -3.906  0.774  0.482  1.582  0.177  1.269  -1.955  -0.266 
 0.900 6.000 0.628 6.654   0.06 -0.122  4.863  -19.984  -1.982  0.802  -0.017  4.616  1.683  2.839  -0.123  -1.664  -4.071  -3.961  0.787  0.580  1.601  0.186  1.320  -1.895  -0.242 
 0.900 6.500 0.631 6.628   0.06 -0.358  5.353  -20.007  -2.025  0.817  -0.017  4.663  1.689  3.014  -0.122  -1.699  -4.837  -3.982  0.790  0.530  1.616  0.207  1.367  -2.003  -0.272 
 0.900 7.000 0.636 6.592   0.06 -0.428  5.105  -20.086  -2.040  0.838  -0.018  4.723  1.728  3.190  -0.123  -1.756  -5.044  -4.034  0.795  0.539  1.629  0.224  1.414  -2.120  -0.269 
 0.900 7.500 0.640 6.553   0.06 -0.115  5.121  -20.269  -2.063  0.859  -0.019  4.754  1.747  3.326  -0.128  -1.813  -4.991  -4.082  0.802  0.581  1.648  0.242  1.460  -2.221  -0.260 
 0.900 8.000 0.643 6.526   0.07 -0.263  5.128  -20.405  -2.101  0.887  -0.021  4.763  1.752  3.447  -0.125  -1.863  -4.990  -4.116  0.807  0.561  1.665  0.262  1.511  -2.274  -0.265 
 0.900 8.500 0.647 6.490   0.09 -0.135  5.357  -20.535  -2.096  0.901  -0.022  4.870  1.805  3.649  -0.128  -1.942  -5.371  -4.177  0.817  0.570  1.681  0.285  1.554  -2.350  -0.273 
 0.900 9.000 0.650 6.454   0.09 0.096  5.107  -20.809  -2.184  0.968  -0.025  4.734  1.771  3.615  -0.120  -1.997  -4.595  -4.230  0.824  0.589  1.707  0.292  1.590  -2.600  -0.245 
 0.900 9.500 0.653 6.431   0.09 0.289  5.209  -20.825  -2.175  0.974  -0.026  4.763  1.770  3.746  -0.112  -2.032  -5.222  -4.248  0.823  0.548  1.714  0.307  1.611  -2.753  -0.252 
 0.900 10.000 0.656 6.405   0.13 0.311  5.618  -21.099  -2.238  1.079  -0.031  4.862  1.900  3.552  -0.128  -2.076  -4.808  -4.279  0.879  0.624  1.665  0.262  1.565  -2.411  -0.169 
 0.950 2.000 0.101 2.664   0.08 -26.495  -196.025  -1.500  4.155  1.043  -0.020  5.456  3.622  5.851  5.679  2.720  -169.029  -3.638  0.983  6.532  1.317  -27.352  7.450  -26.344  2.016 
 0.950 2.500 0.586 6.709   0.00 2.118  -4.158  -16.379  -1.364  -0.019  0.019  6.153  2.426  3.588  -0.196  -1.802  -3.885  -5.279  1.013  1.266  1.804  -0.630  0.672  -3.826  -0.003 
 0.950 3.000 0.598 6.878   0.06 -0.511  9.332  -19.602  -1.530  0.712  -0.008  4.716  1.492  1.791  -0.150  -1.429  -4.624  -3.956  0.758  0.589  1.400  0.164  1.314  -1.420  -0.258 
 0.950 3.500 0.604 6.845   0.08 -0.082  8.658  -20.058  -1.536  0.777  -0.013  4.628  1.536  1.967  -0.167  -1.511  -4.707  -3.905  0.770  0.638  1.416  0.168  1.287  -1.434  -0.197 
 0.950 4.000 0.607 6.820   0.08 0.013  4.671  -19.742  -1.782  0.730  -0.013  4.455  1.591  2.344  -0.140  -1.529  -5.736  -3.728  0.763  0.732  1.536  0.109  1.018  -1.326  -0.192 
 0.950 4.500 0.612 6.782   0.07 -0.206  4.871  -19.771  -1.902  0.744  -0.012  4.458  1.587  2.407  -0.136  -1.525  -5.659  -3.728  0.768  0.738  1.544  0.129  1.107  -1.672  -0.214 
 0.950 5.000 0.615 6.760   0.05 -0.233  4.448  -19.538  -1.922  0.710  -0.012  4.524  1.605  2.526  -0.121  -1.520  -5.624  -3.792  0.769  0.646  1.550  0.144  1.157  -1.899  -0.231 
 0.950 5.500 0.620 6.721   0.05 -0.341  4.546  -19.506  -1.932  0.746  -0.014  4.580  1.664  2.646  -0.112  -1.548  -5.562  -3.857  0.774  0.527  1.550  0.153  1.199  -1.757  -0.241 
 0.950 6.000 0.625 6.685   0.08 0.076  5.923  -20.209  -1.856  0.876  -0.020  4.464  1.747  2.582  -0.131  -1.669  -4.768  -3.991  0.783  0.692  1.545  0.135  1.273  -1.750  -0.155 
 0.950 6.500 0.628 6.659   0.06 -0.047  6.117  -20.354  -1.906  0.899  -0.021  4.496  1.740  2.745  -0.133  -1.739  -4.874  -4.042  0.791  0.707  1.578  0.152  1.303  -1.863  -0.168 
 0.950 7.000 0.632 6.622   0.06 -0.389  5.053  -19.906  -2.013  0.819  -0.017  4.660  1.729  3.024  -0.121  -1.701  -5.532  -3.989  0.790  0.538  1.607  0.207  1.341  -2.057  -0.253 
 0.950 7.500 0.636 6.592   0.06 -0.417  5.426  -20.045  -2.029  0.849  -0.019  4.684  1.739  3.159  -0.115  -1.756  -5.830  -4.041  0.795  0.519  1.622  0.220  1.395  -2.048  -0.248 
 0.950 8.000 0.640 6.551   0.09 -0.220  5.251  -20.298  -2.078  0.895  -0.021  4.685  1.756  3.261  -0.126  -1.831  -5.666  -4.104  0.807  0.572  1.648  0.240  1.449  -2.179  -0.256 
 0.950 8.500 0.643 6.523   0.09 -0.055  5.208  -20.413  -2.100  0.910  -0.022  4.721  1.769  3.393  -0.130  -1.879  -5.487  -4.150  0.811  0.565  1.665  0.257  1.484  -2.299  -0.261 
 0.950 9.000 0.647 6.489   0.09 0.316  5.738  -20.683  -2.045  0.975  -0.026  4.636  1.780  3.363  -0.113  -1.952  -4.820  -4.240  0.818  0.636  1.671  0.243  1.484  -2.279  -0.165 
 0.950 9.500 0.651 6.450   0.08 -0.282  5.366  -20.618  -2.174  0.971  -0.025  4.769  1.801  3.613  -0.118  -1.977  -5.269  -4.259  0.824  0.544  1.700  0.285  1.590  -2.520  -0.240 
 0.950 10.000 0.653 6.437   0.10 0.299  5.639  -21.001  -2.194  1.059  -0.030  4.820  1.882  3.422  -0.132  -2.034  -4.795  -4.251  0.878  0.629  1.645  0.249  1.523  -2.306  -0.165 
 1.000 2.000 0.100 2.667   0.08 -26.925  -199.151  -1.525  4.217  1.049  -0.016  5.534  3.672  5.933  5.743  2.756  -171.769  -3.694  0.996  6.625  1.334  -27.959  7.557  -26.736  2.045 
 1.000 3.000 0.594 6.899   0.06 -0.584  9.152  -19.496  -1.490  0.691  -0.007  4.729  1.483  1.743  -0.145  -1.399  -4.449  -3.932  0.751  0.569  1.377  0.160  1.298  -1.398  -0.261 
 1.000 3.500 0.600 6.871   0.07 -0.296  8.999  -19.893  -1.495  0.747  -0.011  4.650  1.527  1.901  -0.163  -1.474  -4.858  -3.899  0.765  0.623  1.401  0.157  1.274  -1.362  -0.206 
 1.000 4.000 0.602 6.855   0.08 -0.049  4.957  -19.762  -1.735  0.713  -0.011  4.362  1.544  2.189  -0.161  -1.482  -5.605  -3.684  0.758  0.815  1.522  0.110  0.997  -1.340  -0.178 
 1.000 4.500 0.608 6.816   0.09 -0.016  4.684  -19.763  -1.773  0.732  -0.013  4.405  1.611  2.331  -0.135  -1.529  -5.483  -3.738  0.767  0.731  1.528  0.115  1.037  -1.338  -0.182 
 1.000 5.000 0.611 6.784   0.05 -0.130  4.150  -19.488  -1.885  0.704  -0.011  4.472  1.600  2.422  -0.124  -1.492  -5.462  -3.756  0.767  0.675  1.530  0.133  1.095  -1.701  -0.223 
 1.000 5.500 0.616 6.750   0.05 -0.210  4.972  -19.460  -1.918  0.720  -0.012  4.522  1.634  2.527  -0.113  -1.509  -5.452  -3.818  0.771  0.559  1.538  0.146  1.150  -1.734  -0.229 
 1.000 6.000 0.621 6.717   0.08 0.076  6.023  -20.171  -1.825  0.859  -0.018  4.421  1.726  2.490  -0.139  -1.634  -4.798  -3.953  0.781  0.722  1.525  0.126  1.237  -1.686  -0.151 
 1.000 6.500 0.626 6.678   0.06 -0.115  5.390  -20.209  -1.881  0.885  -0.020  4.460  1.749  2.622  -0.137  -1.684  -4.830  -3.985  0.787  0.740  1.549  0.140  1.265  -1.833  -0.160 
 1.000 7.000 0.629 6.651   0.06 -0.329  5.315  -19.823  -2.010  0.808  -0.016  4.597  1.686  2.869  -0.120  -1.638  -5.395  -3.947  0.787  0.521  1.589  0.191  1.306  -1.857  -0.248 
 1.000 7.500 0.634 6.607   0.08 0.112  5.955  -20.462  -1.984  0.926  -0.022  4.535  1.775  2.898  -0.129  -1.801  -4.942  -4.108  0.805  0.664  1.606  0.178  1.355  -1.932  -0.164 
 1.000 8.000 0.637 6.589   0.08 0.042  6.052  -20.467  -1.962  0.933  -0.023  4.538  1.746  2.998  -0.126  -1.827  -4.833  -4.131  0.805  0.643  1.619  0.192  1.377  -2.032  -0.175 
 1.000 8.500 0.640 6.551   0.08 -0.084  5.498  -20.292  -2.076  0.896  -0.021  4.634  1.754  3.197  -0.120  -1.817  -5.424  -4.091  0.807  0.545  1.647  0.240  1.426  -2.076  -0.245 
 1.000 9.000 0.644 6.519   0.08 0.233  5.838  -20.582  -2.015  0.958  -0.025  4.611  1.777  3.233  -0.115  -1.906  -4.813  -4.206  0.814  0.630  1.654  0.225  1.448  -2.193  -0.165 
 1.000 9.500 0.647 6.490   0.08 0.221  5.959  -20.654  -2.045  0.977  -0.026  4.639  1.787  3.338  -0.113  -1.944  -4.798  -4.246  0.818  0.627  1.672  0.239  1.481  -2.251  -0.167 
 1.000 10.000 0.650 6.456   0.08 0.390  5.144  -20.505  -2.154  0.939  -0.025  4.747  1.784  3.574  -0.115  -1.939  -5.131  -4.218  0.816  0.481  1.693  0.284  1.534  -2.580  -0.248 

