0.861 0.162 0.352  1.840 
0.861 0.162 0.352  1.840 
0.861 0.162 0.352  1.840 
0.861 0.162 0.352  1.840 
0.861 0.162 0.352  1.840 
0.861 0.162 0.352  1.840 
0.861 0.162 0.352  1.840 
0.861 0.162 0.352  1.840 
0.861 0.162 0.352  1.840 
0.861 0.162 0.352  1.840 
0.861 0.162 0.352  1.840 
0.861 0.162 0.352  1.840 
0.861 0.162 0.352  1.839 
0.861 0.162 0.352  1.840 
0.861 0.162 0.352  1.840 
0.861 0.162 0.352  1.840 
0.861 0.162 0.352  1.840 
0.861 0.162 0.352  1.840 
0.861 0.162 0.352  1.840 
0.861 0.162 0.352  1.839 
0.861 0.162 0.352  1.840 
0.861 0.162 0.352  1.840 
0.861 0.162 0.352  1.840 
0.861 0.162 0.352  1.840 
0.861 0.162 0.352  1.840 
0.861 0.162 0.352  1.840 
0.861 0.162 0.352  1.840 
0.861 0.162 0.352  1.840 
0.861 0.162 0.352  1.840 
0.861 0.162 0.352  1.840 
0.861 0.162 0.352  1.840 
0.861 0.162 0.352  1.839 
0.861 0.162 0.352  1.840 
0.861 0.162 0.352  1.840 
0.861 0.162 0.352  1.840 
0.861 0.162 0.352  1.840 
0.861 0.162 0.352  1.840 
0.861 0.162 0.352  1.840 
0.861 0.162 0.352  1.840 
0.861 0.162 0.352  1.840 
0.861 0.162 0.352  1.840 
0.861 0.162 0.352  1.840 
0.861 0.162 0.352  1.840 
0.861 0.162 0.352  1.840 
0.861 0.162 0.352  1.840 
0.861 0.162 0.352  1.840 
0.861 0.162 0.352  1.840 
0.861 0.162 0.352  1.840 
0.861 0.162 0.352  1.840 
0.861 0.162 0.352  1.840 
0.861 0.162 0.352  1.840 
0.861 0.162 0.352  1.840 
0.861 0.162 0.352  1.840 
0.861 0.162 0.352  1.840 
0.861 0.162 0.352  1.840 
0.861 0.162 0.352  1.840 
0.861 0.162 0.352  1.840 
0.861 0.162 0.352  1.840 
0.861 0.162 0.352  1.840 
0.861 0.162 0.352  1.840 
0.861 0.162 0.352  1.840 
0.861 0.162 0.352  1.840 
0.861 0.162 0.352  1.840 
0.861 0.162 0.352  1.840 
0.861 0.162 0.352  1.840 
0.861 0.162 0.352  1.840 
0.861 0.162 0.352  1.840 
0.861 0.162 0.352  1.840 
0.861 0.162 0.352  1.840 
0.861 0.162 0.352  1.840 
0.861 0.162 0.352  1.840 
0.861 0.162 0.352  1.840 
0.861 0.162 0.352  1.840 
0.861 0.162 0.352  1.840 
0.861 0.162 0.352  1.840 
0.861 0.162 0.352  1.840 
0.861 0.162 0.352  1.840 
0.861 0.162 0.352  1.840 
0.861 0.162 0.352  1.840 
0.861 0.162 0.352  1.840 
0.861 0.162 0.352  1.840 
0.861 0.162 0.352  1.840 
0.861 0.162 0.352  1.840 
0.861 0.162 0.352  1.840 
0.860 0.162 0.352  1.841 
0.860 0.163 0.352  1.843 
0.859 0.164 0.351  1.851 
0.856 0.168 0.349  1.867 
0.856 0.168 0.349  1.868 
0.856 0.168 0.349  1.867 
0.856 0.168 0.349  1.867 
0.856 0.168 0.349  1.867 
0.857 0.168 0.348  1.870 
0.856 0.168 0.349  1.865 
0.856 0.168 0.349  1.867 
0.856 0.168 0.349  1.868 
0.856 0.168 0.349  1.866 
0.856 0.168 0.349  1.868 
0.856 0.168 0.349  1.867 
0.856 0.168 0.349  1.867 
0.856 0.168 0.349  1.867 
0.856 0.168 0.349  1.868 
0.856 0.168 0.349  1.866 
0.856 0.168 0.349  1.869 
0.856 0.168 0.349  1.866 
0.857 0.167 0.349  1.869 
0.856 0.168 0.349  1.867 
0.856 0.168 0.349  1.868 
0.856 0.168 0.349  1.866 
0.856 0.168 0.349  1.868 
0.857 0.167 0.349  1.866 
0.856 0.168 0.349  1.869 
0.856 0.168 0.349  1.867 
0.856 0.168 0.349  1.867 
0.857 0.167 0.349  1.868 
0.856 0.168 0.349  1.866 
0.856 0.168 0.349  1.866 
0.856 0.168 0.349  1.868 
0.856 0.168 0.349  1.867 
0.856 0.168 0.349  1.868 
0.856 0.168 0.349  1.866 
0.857 0.167 0.349  1.868 
0.856 0.168 0.349  1.867 
0.856 0.168 0.349  1.867 
0.857 0.167 0.349  1.867 
0.856 0.168 0.349  1.868 
0.856 0.168 0.349  1.867 
0.857 0.168 0.349  1.868 
0.856 0.168 0.349  1.867 
0.856 0.168 0.349  1.867 
0.856 0.168 0.349  1.867 
0.856 0.168 0.349  1.867 
0.856 0.168 0.349  1.868 
0.856 0.168 0.349  1.869 
0.856 0.169 0.348  1.872 
0.854 0.170 0.347  1.880 
0.850 0.176 0.344  1.907 
0.836 0.196 0.334  1.993 
0.797 0.254 0.318  2.142 
0.797 0.254 0.318  2.144 
0.797 0.255 0.318  2.141 
0.797 0.254 0.318  2.143 
0.797 0.254 0.318  2.142 
0.797 0.254 0.318  2.146 
0.797 0.255 0.319  2.139 
0.797 0.254 0.318  2.145 
0.797 0.255 0.318  2.140 
0.798 0.254 0.318  2.142 
0.797 0.255 0.318  2.143 
0.797 0.254 0.318  2.142 
0.797 0.255 0.318  2.143 
0.797 0.254 0.318  2.141 
0.797 0.255 0.318  2.144 
0.798 0.254 0.318  2.141 
0.797 0.255 0.318  2.144 
0.797 0.255 0.319  2.133 
0.798 0.254 0.317  2.152 
0.797 0.255 0.319  2.136 
0.797 0.254 0.318  2.149 
0.797 0.254 0.319  2.139 
0.797 0.255 0.318  2.146 
0.796 0.256 0.319  2.134 
0.798 0.253 0.317  2.151 
0.797 0.254 0.318  2.141 
0.797 0.255 0.318  2.143 
0.797 0.254 0.318  2.142 
0.797 0.255 0.318  2.143 
0.798 0.254 0.318  2.140 
0.797 0.255 0.318  2.145 
0.797 0.254 0.318  2.143 
0.797 0.254 0.318  2.142 
0.797 0.254 0.318  2.143 
0.797 0.254 0.318  2.142 
0.797 0.254 0.318  2.145 
0.797 0.255 0.318  2.140 
0.797 0.254 0.318  2.144 
0.797 0.255 0.318  2.141 
0.797 0.254 0.319  2.138 
0.797 0.254 0.318  2.147 
0.797 0.254 0.319  2.137 
0.797 0.255 0.318  2.148 
0.797 0.254 0.319  2.140 
0.797 0.255 0.318  2.145 
0.797 0.255 0.319  2.139 
0.797 0.254 0.318  2.146 
0.798 0.254 0.318  2.142 
0.797 0.255 0.318  2.143 
0.797 0.254 0.318  2.142 
0.797 0.255 0.318  2.143 
0.796 0.256 0.319  2.139 
0.798 0.253 0.318  2.145 
0.797 0.255 0.318  2.141 
0.798 0.254 0.318  2.144 
0.797 0.254 0.318  2.143 
0.797 0.255 0.318  2.142 
0.797 0.254 0.318  2.144 
0.797 0.255 0.318  2.141 
0.797 0.255 0.318  2.141 
0.797 0.254 0.318  2.144 
0.797 0.255 0.318  2.140 
0.797 0.254 0.318  2.145 
0.797 0.255 0.318  2.146 
0.797 0.255 0.317  2.158 
0.797 0.255 0.313  2.191 
0.796 0.256 0.303  2.299 
0.803 0.245 0.269  2.712 
0.984 0.017 0.284  2.522 
0.870 0.149 0.251  2.984 
0.870 0.150 0.251  2.986 
0.870 0.149 0.251  2.982 
0.870 0.150 0.251  2.986 
0.870 0.149 0.251  2.982 
0.870 0.150 0.251  2.986 
0.870 0.149 0.251  2.983 
0.870 0.150 0.251  2.985 
0.870 0.149 0.251  2.983 
0.870 0.149 0.251  2.988 
0.870 0.150 0.251  2.980 
0.870 0.149 0.251  2.987 
0.870 0.149 0.251  2.982 
0.869 0.150 0.251  2.987 
0.871 0.148 0.251  2.982 
0.870 0.150 0.251  2.985 
0.870 0.149 0.251  2.983 
0.870 0.149 0.251  2.985 
0.870 0.150 0.251  2.983 
0.870 0.149 0.251  2.985 
0.870 0.150 0.251  2.984 
0.869 0.151 0.251  2.977 
0.871 0.148 0.251  2.991 
0.870 0.150 0.251  2.981 
0.870 0.149 0.251  2.988 
0.869 0.150 0.251  2.985 
0.871 0.148 0.251  2.983 
0.870 0.150 0.251  2.985 
0.870 0.149 0.251  2.984 
0.869 0.151 0.252  2.972 
0.871 0.148 0.250  2.997 
0.869 0.151 0.252  2.976 
0.871 0.148 0.250  2.993 
0.870 0.150 0.251  2.985 
0.870 0.149 0.251  2.984 
0.870 0.150 0.251  2.984 
0.870 0.149 0.251  2.984 
0.870 0.149 0.251  2.984 
0.870 0.149 0.251  2.984 
0.870 0.149 0.251  2.984 
0.870 0.149 0.251  2.984 
0.870 0.150 0.251  2.985 
0.870 0.149 0.251  2.983 
0.870 0.150 0.251  2.985 
0.870 0.149 0.251  2.983 
0.870 0.149 0.251  2.987 
0.870 0.150 0.251  2.981 
0.870 0.149 0.251  2.986 
0.870 0.150 0.251  2.982 
0.869 0.151 0.251  2.981 
0.871 0.148 0.251  2.987 
0.870 0.150 0.251  2.983 
0.870 0.149 0.251  2.985 
0.870 0.150 0.251  2.982 
0.870 0.149 0.251  2.986 
0.870 0.150 0.251  2.983 
0.870 0.149 0.251  2.985 
0.869 0.151 0.251  2.982 
0.871 0.148 0.251  2.986 
0.870 0.150 0.251  2.983 
0.870 0.149 0.251  2.985 
0.869 0.150 0.251  2.987 
0.871 0.148 0.251  2.981 
0.870 0.150 0.251  2.985 
0.870 0.149 0.251  2.983 
0.869 0.150 0.251  2.981 
0.871 0.148 0.251  2.987 
0.870 0.149 0.251  2.986 
0.870 0.150 0.251  2.983 
0.870 0.149 0.251  2.985 
0.870 0.150 0.251  2.983 
0.869 0.150 0.251  2.980 
0.871 0.149 0.251  2.988 
0.870 0.150 0.251  2.982 
0.870 0.149 0.251  2.986 
1.938 -0.484 0.240  3.161 
1.808 -0.447 0.216  3.636 
1.808 -0.447 0.216  3.638 
1.809 -0.447 0.216  3.634 
1.807 -0.447 0.216  3.639 
1.809 -0.447 0.216  3.633 
1.808 -0.447 0.216  3.636 
1.808 -0.447 0.216  3.636 
1.808 -0.447 0.216  3.638 
1.808 -0.447 0.216  3.634 
1.808 -0.447 0.216  3.640 
1.808 -0.447 0.216  3.632 
1.809 -0.447 0.216  3.639 
1.808 -0.447 0.216  3.633 
1.808 -0.447 0.216  3.639 
1.809 -0.447 0.216  3.633 
1.808 -0.447 0.216  3.638 
1.808 -0.447 0.216  3.634 
1.808 -0.447 0.216  3.638 
1.809 -0.447 0.216  3.634 
1.807 -0.447 0.216  3.638 
1.809 -0.447 0.216  3.634 
1.808 -0.447 0.216  3.639 
1.808 -0.447 0.216  3.633 
1.808 -0.447 0.215  3.641 
1.808 -0.447 0.216  3.631 
1.808 -0.447 0.216  3.638 
1.808 -0.447 0.216  3.634 
1.808 -0.447 0.216  3.638 
1.808 -0.447 0.216  3.634 
1.808 -0.447 0.216  3.637 
1.808 -0.447 0.216  3.636 
1.808 -0.447 0.216  3.637 
1.809 -0.447 0.216  3.635 
1.808 -0.447 0.216  3.638 
1.808 -0.447 0.216  3.634 
1.808 -0.447 0.216  3.638 
1.808 -0.447 0.216  3.634 
1.807 -0.447 0.216  3.638 
1.809 -0.447 0.216  3.634 
1.808 -0.447 0.216  3.637 
1.809 -0.447 0.216  3.635 
1.807 -0.447 0.216  3.637 
1.809 -0.447 0.216  3.635 
1.808 -0.447 0.216  3.638 
1.809 -0.447 0.216  3.634 
1.807 -0.447 0.216  3.637 
1.809 -0.447 0.216  3.635 
1.809 -0.447 0.216  3.636 
1.808 -0.447 0.216  3.636 
1.808 -0.447 0.216  3.637 
1.809 -0.447 0.216  3.635 
1.343 -0.255 0.206  3.844 
1.536 -0.349 0.196  4.108 
1.535 -0.349 0.196  4.109 
1.536 -0.349 0.196  4.107 
1.535 -0.348 0.196  4.110 
1.537 -0.349 0.196  4.106 
1.536 -0.349 0.196  4.108 
1.536 -0.349 0.196  4.108 
1.536 -0.349 0.196  4.108 
1.536 -0.349 0.196  4.108 
1.536 -0.349 0.196  4.110 
1.536 -0.349 0.196  4.106 
1.536 -0.349 0.196  4.112 
1.536 -0.349 0.196  4.104 
1.536 -0.349 0.196  4.107 
1.536 -0.349 0.196  4.109 
1.536 -0.349 0.196  4.107 
1.536 -0.349 0.196  4.109 
1.535 -0.349 0.196  4.108 
1.536 -0.349 0.196  4.108 
1.534 -0.348 0.196  4.108 
1.537 -0.349 0.196  4.108 
1.536 -0.349 0.196  4.107 
1.536 -0.349 0.196  4.109 
1.535 -0.349 0.196  4.106 
1.536 -0.349 0.196  4.110 
1.535 -0.349 0.196  4.107 
1.536 -0.349 0.196  4.109 
1.535 -0.348 0.196  4.107 
1.537 -0.349 0.196  4.109 
1.535 -0.349 0.196  4.106 
1.536 -0.349 0.196  4.110 
1.534 -0.348 0.196  4.104 
1.537 -0.349 0.196  4.112 
1.535 -0.348 0.196  4.112 
1.537 -0.349 0.196  4.104 
1.534 -0.348 0.196  4.115 
1.537 -0.349 0.196  4.101 
1.535 -0.349 0.196  4.108 
1.536 -0.349 0.196  4.108 
1.535 -0.349 0.196  4.107 
1.536 -0.349 0.196  4.109 
1.535 -0.349 0.196  4.107 
1.536 -0.349 0.196  4.109 
1.535 -0.349 0.196  4.106 
1.536 -0.349 0.196  4.110 
1.536 -0.349 0.196  4.108 
1.536 -0.349 0.196  4.108 
1.535 -0.349 0.196  4.108 
1.536 -0.349 0.196  4.108 
1.536 -0.349 0.196  4.108 
1.536 -0.349 0.196  4.108 
1.535 -0.349 0.196  4.109 
1.536 -0.349 0.196  4.107 
1.535 -0.349 0.196  4.107 
1.536 -0.349 0.196  4.109 
1.534 -0.348 0.196  4.105 
1.538 -0.350 0.196  4.111 
1.535 -0.349 0.196  4.107 
1.536 -0.349 0.196  4.109 
1.535 -0.348 0.196  4.105 
1.537 -0.349 0.196  4.111 
1.535 -0.349 0.196  4.107 
1.536 -0.349 0.196  4.109 
1.532 -0.347 0.196  4.102 
1.540 -0.350 0.196  4.114 
1.535 -0.349 0.196  4.107 
1.536 -0.349 0.196  4.109 
1.531 -0.347 0.196  4.100 
1.540 -0.351 0.195  4.116 
1.535 -0.348 0.196  4.108 
1.537 -0.349 0.196  4.108 
1.534 -0.348 0.196  4.109 
1.537 -0.349 0.196  4.107 
1.536 -0.349 0.196  4.109 
1.535 -0.349 0.196  4.107 
1.536 -0.349 0.196  4.110 
1.535 -0.349 0.196  4.106 
1.535 -0.349 0.196  4.108 
1.536 -0.349 0.196  4.108 
1.535 -0.348 0.196  4.107 
1.537 -0.349 0.196  4.109 
1.543 -0.352 0.170  4.867 
1.251 -0.200 0.151  5.605 
1.364 -0.267 0.146  5.847 
1.363 -0.266 0.146  5.845 
1.365 -0.268 0.146  5.849 
1.364 -0.267 0.146  5.847 
1.364 -0.267 0.146  5.847 
1.364 -0.267 0.146  5.849 
1.364 -0.267 0.146  5.845 
1.364 -0.267 0.146  5.851 
1.365 -0.267 0.146  5.844 
1.364 -0.267 0.146  5.845 
1.365 -0.267 0.146  5.849 
1.362 -0.266 0.146  5.843 
1.366 -0.268 0.146  5.851 
1.363 -0.266 0.146  5.843 
1.365 -0.267 0.146  5.852 
1.363 -0.267 0.146  5.844 
1.365 -0.267 0.146  5.850 
1.362 -0.266 0.146  5.845 
1.366 -0.268 0.146  5.849 
1.362 -0.266 0.146  5.846 
1.366 -0.268 0.146  5.848 
1.363 -0.266 0.146  5.847 
1.365 -0.267 0.146  5.848 
1.359 -0.264 0.146  5.842 
1.369 -0.269 0.146  5.852 
1.362 -0.266 0.146  5.846 
1.366 -0.268 0.146  5.849 
1.363 -0.266 0.146  5.845 
1.365 -0.268 0.146  5.849 
1.363 -0.266 0.146  5.846 
1.365 -0.267 0.146  5.849 
1.363 -0.266 0.146  5.844 
1.365 -0.268 0.146  5.851 
1.363 -0.266 0.146  5.845 
1.365 -0.267 0.146  5.850 
1.364 -0.267 0.146  5.847 
1.364 -0.267 0.146  5.847 
1.363 -0.266 0.146  5.848 
1.365 -0.267 0.146  5.847 
1.363 -0.267 0.146  5.848 
1.365 -0.267 0.146  5.847 
1.361 -0.265 0.146  5.843 
1.367 -0.268 0.146  5.851 
1.363 -0.266 0.146  5.845 
1.365 -0.268 0.146  5.849 
1.363 -0.266 0.146  5.846 
1.365 -0.267 0.146  5.848 
1.359 -0.264 0.146  5.841 
1.369 -0.269 0.146  5.853 
1.362 -0.266 0.146  5.845 
1.366 -0.268 0.146  5.849 
1.348 -0.258 0.147  5.825 
1.381 -0.276 0.146  5.865 
1.362 -0.266 0.146  5.845 
1.366 -0.268 0.146  5.849 
1.362 -0.266 0.146  5.847 
1.366 -0.268 0.146  5.847 
1.365 -0.267 0.146  5.847 
1.363 -0.267 0.146  5.847 
1.363 -0.266 0.146  5.847 
1.365 -0.268 0.146  5.847 
1.469 -0.319 0.142  6.041 
1.553 -0.356 0.141  6.072 
1.537 -0.349 0.141  6.074 
1.535 -0.348 0.141  6.074 
1.539 -0.350 0.141  6.075 
1.537 -0.349 0.141  6.074 
1.537 -0.349 0.141  6.074 
1.536 -0.349 0.141  6.079 
1.538 -0.350 0.141  6.069 
1.536 -0.349 0.141  6.076 
1.537 -0.349 0.141  6.073 
1.535 -0.348 0.141  6.075 
1.539 -0.350 0.141  6.074 
1.536 -0.349 0.141  6.074 
1.538 -0.350 0.141  6.074 
1.535 -0.349 0.141  6.075 
1.539 -0.350 0.141  6.073 
1.536 -0.349 0.141  6.076 
1.538 -0.350 0.141  6.072 
1.535 -0.349 0.141  6.075 
1.539 -0.350 0.141  6.073 
1.536 -0.349 0.141  6.075 
1.538 -0.350 0.141  6.073 
1.536 -0.349 0.141  6.075 
1.538 -0.350 0.141  6.074 
1.536 -0.349 0.141  6.075 
1.537 -0.350 0.141  6.074 
1.536 -0.349 0.141  6.077 
1.538 -0.350 0.141  6.072 
1.535 -0.349 0.141  6.075 
1.539 -0.350 0.141  6.073 
1.536 -0.349 0.141  6.075 
1.538 -0.350 0.141  6.073 
1.535 -0.349 0.141  6.075 
1.539 -0.350 0.141  6.073 
1.535 -0.349 0.141  6.076 
1.538 -0.350 0.141  6.073 
1.535 -0.349 0.141  6.075 
1.539 -0.350 0.141  6.074 
1.537 -0.350 0.141  6.073 
1.536 -0.349 0.141  6.076 
1.536 -0.349 0.141  6.076 
1.538 -0.350 0.141  6.073 
1.497 -0.332 0.139  6.212 
1.323 -0.244 0.133  6.505 
1.302 -0.232 0.133  6.507 
1.301 -0.231 0.133  6.506 
1.303 -0.233 0.133  6.509 
1.302 -0.232 0.133  6.507 
1.302 -0.232 0.133  6.508 
1.302 -0.232 0.133  6.510 
1.302 -0.232 0.133  6.504 
1.302 -0.232 0.133  6.509 
1.302 -0.232 0.133  6.506 
1.301 -0.231 0.133  6.507 
1.303 -0.233 0.133  6.507 
1.302 -0.232 0.133  6.508 
1.302 -0.232 0.133  6.506 
1.301 -0.231 0.133  6.508 
1.304 -0.233 0.133  6.507 
1.301 -0.231 0.133  6.509 
1.303 -0.233 0.133  6.506 
1.300 -0.231 0.133  6.506 
1.304 -0.233 0.133  6.509 
1.301 -0.232 0.133  6.508 
1.303 -0.232 0.133  6.507 
1.302 -0.232 0.133  6.508 
1.303 -0.232 0.133  6.507 
1.302 -0.232 0.133  6.507 
1.302 -0.232 0.133  6.508 
1.302 -0.232 0.133  6.509 
1.303 -0.232 0.133  6.506 
1.301 -0.231 0.133  6.508 
1.303 -0.233 0.133  6.507 
1.301 -0.232 0.133  6.508 
1.303 -0.232 0.133  6.506 
1.301 -0.231 0.133  6.508 
1.303 -0.233 0.133  6.507 
1.301 -0.231 0.133  6.508 
1.303 -0.233 0.133  6.507 
1.301 -0.231 0.133  6.506 
1.304 -0.233 0.133  6.509 
1.303 -0.232 0.133  6.507 
1.301 -0.232 0.133  6.508 
1.301 -0.231 0.133  6.507 
1.303 -0.233 0.133  6.508 
1.337 -0.252 0.129  6.739 
1.346 -0.257 0.129  6.753 
1.345 -0.256 0.129  6.751 
1.347 -0.258 0.129  6.754 
1.346 -0.257 0.129  6.752 
1.346 -0.257 0.129  6.754 
1.346 -0.257 0.129  6.755 
1.347 -0.257 0.129  6.750 
1.346 -0.257 0.129  6.754 
1.346 -0.257 0.129  6.751 
1.345 -0.256 0.129  6.753 
1.347 -0.258 0.129  6.753 
1.346 -0.257 0.129  6.753 
1.346 -0.257 0.129  6.752 
1.345 -0.256 0.129  6.753 
1.347 -0.258 0.129  6.752 
1.345 -0.256 0.129  6.753 
1.347 -0.258 0.129  6.753 
1.345 -0.256 0.129  6.753 
1.347 -0.258 0.129  6.752 
1.345 -0.257 0.129  6.753 
1.347 -0.258 0.129  6.753 
1.346 -0.257 0.129  6.753 
1.347 -0.257 0.129  6.752 
1.346 -0.257 0.129  6.752 
1.346 -0.257 0.129  6.753 
1.345 -0.257 0.129  6.752 
1.347 -0.257 0.129  6.753 
1.345 -0.256 0.129  6.753 
1.347 -0.258 0.129  6.753 
1.345 -0.257 0.129  6.753 
1.347 -0.258 0.129  6.753 
1.345 -0.256 0.129  6.752 
1.348 -0.258 0.129  6.753 
1.345 -0.256 0.129  6.752 
1.347 -0.258 0.129  6.753 
1.344 -0.256 0.129  6.751 
1.348 -0.258 0.129  6.754 
1.347 -0.257 0.129  6.753 
1.345 -0.257 0.129  6.752 
1.345 -0.256 0.129  6.752 
1.347 -0.258 0.129  6.754 
1.355 -0.262 0.127  6.846 
1.384 -0.278 0.124  7.063 
1.390 -0.280 0.124  7.076 
1.388 -0.280 0.124  7.074 
1.391 -0.281 0.124  7.078 
1.389 -0.280 0.124  7.076 
1.390 -0.281 0.124  7.076 
1.389 -0.280 0.124  7.077 
1.390 -0.281 0.124  7.075 
1.389 -0.280 0.124  7.075 
1.390 -0.281 0.124  7.078 
1.388 -0.280 0.124  7.074 
1.391 -0.281 0.124  7.078 
1.389 -0.280 0.124  7.075 
1.390 -0.281 0.124  7.077 
1.388 -0.280 0.124  7.075 
1.391 -0.281 0.124  7.077 
1.389 -0.280 0.124  7.075 
1.391 -0.281 0.124  7.077 
1.388 -0.280 0.124  7.074 
1.391 -0.281 0.124  7.078 
1.389 -0.280 0.124  7.075 
1.391 -0.281 0.124  7.078 
1.389 -0.280 0.124  7.075 
1.390 -0.281 0.124  7.077 
1.389 -0.280 0.124  7.075 
1.390 -0.281 0.124  7.077 
1.389 -0.280 0.124  7.074 
1.391 -0.281 0.124  7.078 
1.388 -0.280 0.124  7.075 
1.391 -0.281 0.124  7.078 
1.389 -0.280 0.124  7.075 
1.391 -0.281 0.124  7.077 
1.388 -0.280 0.124  7.074 
1.391 -0.281 0.124  7.078 
1.388 -0.280 0.124  7.074 
1.391 -0.281 0.124  7.078 
1.388 -0.280 0.124  7.076 
1.391 -0.281 0.124  7.077 
1.390 -0.281 0.124  7.078 
1.389 -0.280 0.124  7.074 
1.389 -0.280 0.124  7.075 
1.391 -0.281 0.124  7.077 
1.499 -0.333 0.122  7.196 
1.565 -0.361 0.122  7.212 
1.563 -0.360 0.122  7.213 
1.567 -0.362 0.122  7.211 
1.565 -0.361 0.122  7.213 
1.565 -0.361 0.122  7.212 
1.563 -0.360 0.122  7.215 
1.566 -0.362 0.122  7.209 
1.564 -0.361 0.122  7.212 
1.566 -0.361 0.122  7.212 
1.563 -0.360 0.122  7.212 
1.567 -0.362 0.122  7.212 
1.564 -0.361 0.122  7.213 
1.566 -0.361 0.122  7.211 
1.563 -0.360 0.122  7.213 
1.567 -0.362 0.122  7.211 
1.564 -0.360 0.122  7.213 
1.566 -0.362 0.122  7.211 
1.563 -0.360 0.122  7.212 
1.567 -0.362 0.122  7.212 
1.564 -0.361 0.122  7.213 
1.566 -0.362 0.122  7.212 
1.564 -0.361 0.122  7.213 
1.566 -0.361 0.122  7.211 
1.564 -0.361 0.122  7.212 
1.566 -0.361 0.122  7.212 
1.564 -0.360 0.122  7.212 
1.566 -0.362 0.122  7.213 
1.563 -0.360 0.122  7.213 
1.567 -0.362 0.122  7.211 
1.564 -0.361 0.122  7.213 
1.566 -0.361 0.122  7.212 
1.563 -0.360 0.122  7.213 
1.567 -0.362 0.122  7.211 
1.563 -0.360 0.122  7.213 
1.567 -0.362 0.122  7.212 
1.563 -0.360 0.122  7.213 
1.567 -0.362 0.122  7.211 
1.566 -0.361 0.122  7.213 
1.564 -0.361 0.122  7.211 
1.564 -0.360 0.122  7.213 
1.566 -0.362 0.122  7.211 
1.585 -0.369 0.121  7.252 
1.636 -0.389 0.120  7.299 
1.634 -0.388 0.120  7.299 
1.638 -0.389 0.121  7.299 
1.636 -0.389 0.120  7.299 
1.636 -0.389 0.121  7.298 
1.634 -0.388 0.120  7.300 
1.638 -0.389 0.121  7.298 
1.635 -0.388 0.121  7.298 
1.637 -0.389 0.120  7.299 
1.634 -0.388 0.121  7.298 
1.638 -0.389 0.120  7.299 
1.635 -0.388 0.121  7.299 
1.637 -0.389 0.120  7.299 
1.634 -0.388 0.120  7.299 
1.638 -0.390 0.121  7.299 
1.634 -0.388 0.120  7.299 
1.638 -0.389 0.121  7.299 
1.634 -0.388 0.120  7.299 
1.638 -0.390 0.121  7.298 
1.635 -0.388 0.121  7.299 
1.637 -0.389 0.120  7.299 
1.635 -0.388 0.121  7.299 
1.637 -0.389 0.120  7.299 
1.635 -0.389 0.120  7.299 
1.637 -0.389 0.121  7.299 
1.635 -0.388 0.121  7.298 
1.637 -0.389 0.120  7.300 
1.634 -0.388 0.120  7.299 
1.638 -0.389 0.121  7.299 
1.635 -0.388 0.121  7.299 
1.637 -0.389 0.120  7.299 
1.634 -0.388 0.121  7.299 
1.638 -0.390 0.120  7.299 
1.634 -0.388 0.121  7.298 
1.638 -0.389 0.120  7.299 
1.634 -0.388 0.120  7.299 
1.638 -0.390 0.121  7.298 
1.637 -0.389 0.121  7.299 
1.635 -0.388 0.120  7.299 
1.634 -0.388 0.120  7.299 
1.637 -0.389 0.121  7.298 
1.608 -0.378 0.120  7.333 
1.580 -0.367 0.120  7.344 
1.578 -0.366 0.120  7.344 
1.581 -0.368 0.120  7.344 
1.579 -0.367 0.120  7.344 
1.580 -0.367 0.120  7.344 
1.578 -0.366 0.120  7.346 
1.581 -0.368 0.120  7.343 
1.579 -0.367 0.120  7.344 
1.580 -0.367 0.120  7.344 
1.578 -0.366 0.120  7.344 
1.581 -0.368 0.120  7.344 
1.579 -0.367 0.120  7.345 
1.580 -0.367 0.120  7.344 
1.578 -0.366 0.120  7.344 
1.582 -0.368 0.120  7.345 
1.578 -0.366 0.120  7.344 
1.581 -0.368 0.120  7.344 
1.577 -0.366 0.120  7.344 
1.582 -0.368 0.120  7.344 
1.578 -0.366 0.120  7.344 
1.581 -0.367 0.120  7.344 
1.579 -0.367 0.120  7.344 
1.581 -0.367 0.120  7.344 
1.579 -0.367 0.120  7.345 
1.580 -0.367 0.120  7.344 
1.578 -0.366 0.120  7.343 
1.581 -0.367 0.120  7.345 
1.578 -0.366 0.120  7.344 
1.581 -0.368 0.120  7.344 
1.578 -0.366 0.120  7.344 
1.581 -0.367 0.120  7.345 
1.578 -0.366 0.120  7.344 
1.582 -0.368 0.120  7.344 
1.578 -0.366 0.120  7.344 
1.581 -0.368 0.120  7.345 
1.577 -0.366 0.120  7.344 
1.582 -0.368 0.120  7.345 
1.580 -0.367 0.120  7.344 
1.579 -0.367 0.120  7.345 
1.578 -0.366 0.120  7.344 
1.581 -0.368 0.120  7.344 
1.582 -0.368 0.120  7.358 
1.592 -0.372 0.119  7.396 
1.598 -0.374 0.119  7.408 
1.596 -0.374 0.119  7.408 
1.600 -0.375 0.119  7.408 
1.598 -0.374 0.119  7.408 
1.599 -0.374 0.119  7.408 
1.597 -0.374 0.119  7.409 
1.600 -0.375 0.119  7.408 
1.598 -0.374 0.119  7.408 
1.599 -0.375 0.119  7.409 
1.596 -0.374 0.119  7.408 
1.600 -0.375 0.119  7.409 
1.598 -0.374 0.119  7.408 
1.599 -0.375 0.119  7.408 
1.596 -0.373 0.119  7.408 
1.600 -0.375 0.119  7.409 
1.597 -0.374 0.119  7.408 
1.600 -0.375 0.119  7.409 
1.596 -0.373 0.119  7.408 
1.600 -0.375 0.119  7.409 
1.597 -0.374 0.119  7.408 
1.600 -0.375 0.119  7.408 
1.597 -0.374 0.119  7.408 
1.599 -0.375 0.119  7.409 
1.598 -0.374 0.119  7.408 
1.599 -0.375 0.119  7.408 
1.597 -0.374 0.119  7.407 
1.600 -0.375 0.119  7.409 
1.596 -0.374 0.119  7.408 
1.600 -0.375 0.119  7.409 
1.597 -0.374 0.119  7.408 
1.599 -0.375 0.119  7.409 
1.596 -0.373 0.119  7.408 
1.600 -0.375 0.119  7.408 
1.597 -0.374 0.119  7.408 
1.600 -0.375 0.119  7.409 
1.596 -0.373 0.119  7.408 
1.600 -0.375 0.119  7.408 
1.599 -0.375 0.119  7.408 
1.597 -0.374 0.119  7.408 
1.597 -0.374 0.119  7.408 
1.600 -0.375 0.119  7.409 
1.632 -0.387 0.118  7.440 
1.672 -0.402 0.118  7.452 
1.670 -0.401 0.118  7.452 
1.674 -0.403 0.118  7.452 
1.672 -0.402 0.118  7.451 
1.673 -0.402 0.118  7.452 
1.670 -0.401 0.118  7.453 
1.675 -0.403 0.118  7.451 
1.672 -0.402 0.118  7.452 
1.673 -0.402 0.118  7.452 
1.670 -0.401 0.118  7.452 
1.674 -0.403 0.118  7.452 
1.671 -0.402 0.118  7.452 
1.673 -0.402 0.118  7.452 
1.670 -0.401 0.118  7.452 
1.674 -0.403 0.118  7.452 
1.670 -0.401 0.118  7.452 
1.674 -0.403 0.118  7.452 
1.670 -0.401 0.118  7.452 
1.675 -0.403 0.118  7.452 
1.671 -0.401 0.118  7.452 
1.674 -0.403 0.118  7.452 
1.671 -0.402 0.118  7.452 
1.673 -0.402 0.118  7.452 
1.671 -0.402 0.118  7.452 
1.673 -0.402 0.118  7.452 
1.671 -0.401 0.118  7.452 
1.674 -0.403 0.118  7.452 
1.670 -0.401 0.118  7.452 
1.674 -0.403 0.118  7.452 
1.671 -0.402 0.118  7.452 
1.673 -0.402 0.118  7.451 
1.670 -0.401 0.118  7.452 
1.675 -0.403 0.118  7.451 
1.670 -0.401 0.118  7.452 
1.674 -0.403 0.118  7.452 
1.670 -0.401 0.118  7.452 
1.675 -0.403 0.118  7.451 
1.673 -0.402 0.118  7.452 
1.671 -0.402 0.118  7.452 
1.671 -0.401 0.118  7.452 
1.674 -0.403 0.118  7.452 
1.653 -0.395 0.118  7.457 
1.602 -0.376 0.118  7.463 
1.600 -0.375 0.118  7.463 
1.604 -0.376 0.118  7.464 
1.602 -0.376 0.118  7.463 
1.602 -0.376 0.118  7.464 
1.600 -0.375 0.118  7.464 
1.604 -0.376 0.118  7.463 
1.601 -0.375 0.118  7.463 
1.603 -0.376 0.118  7.463 
1.600 -0.375 0.118  7.463 
1.604 -0.376 0.118  7.464 
1.601 -0.375 0.118  7.463 
1.603 -0.376 0.118  7.463 
1.600 -0.375 0.118  7.463 
1.604 -0.377 0.118  7.464 
1.600 -0.375 0.118  7.463 
1.603 -0.376 0.118  7.464 
1.600 -0.375 0.118  7.463 
1.604 -0.377 0.118  7.463 
1.601 -0.375 0.118  7.463 
1.603 -0.376 0.118  7.463 
1.601 -0.375 0.118  7.463 
1.603 -0.376 0.118  7.464 
1.601 -0.375 0.118  7.463 
1.603 -0.376 0.118  7.464 
1.601 -0.375 0.118  7.463 
1.603 -0.376 0.118  7.464 
1.600 -0.375 0.118  7.463 
1.604 -0.376 0.118  7.464 
1.601 -0.375 0.118  7.463 
1.603 -0.376 0.118  7.463 
1.600 -0.375 0.118  7.463 
1.604 -0.377 0.118  7.463 
1.600 -0.375 0.118  7.463 
1.604 -0.376 0.118  7.464 
1.600 -0.375 0.118  7.463 
1.604 -0.377 0.118  7.464 
1.603 -0.376 0.118  7.464 
1.601 -0.375 0.118  7.463 
1.600 -0.375 0.118  7.463 
1.603 -0.376 0.118  7.464 
1.603 -0.376 0.118  7.475 
1.605 -0.377 0.118  7.489 
1.604 -0.376 0.118  7.489 
1.607 -0.378 0.118  7.490 
1.605 -0.377 0.118  7.490 
1.606 -0.377 0.118  7.489 
1.603 -0.376 0.118  7.490 
1.608 -0.378 0.118  7.489 
1.605 -0.377 0.118  7.490 
1.606 -0.377 0.118  7.489 
1.604 -0.376 0.118  7.490 
1.607 -0.378 0.118  7.489 
1.605 -0.377 0.118  7.490 
1.606 -0.377 0.118  7.489 
1.603 -0.376 0.118  7.490 
1.608 -0.378 0.118  7.489 
1.604 -0.377 0.118  7.490 
1.607 -0.378 0.118  7.489 
1.603 -0.376 0.118  7.489 
1.608 -0.378 0.118  7.490 
1.604 -0.377 0.118  7.490 
1.607 -0.378 0.118  7.489 
1.605 -0.377 0.118  7.490 
1.606 -0.378 0.118  7.489 
1.605 -0.377 0.118  7.489 
1.606 -0.377 0.118  7.490 
1.604 -0.377 0.118  7.490 
1.607 -0.378 0.118  7.489 
1.604 -0.376 0.118  7.490 
1.607 -0.378 0.118  7.489 
1.604 -0.377 0.118  7.490 
1.607 -0.378 0.118  7.489 
1.603 -0.376 0.118  7.490 
1.608 -0.378 0.118  7.489 
1.604 -0.377 0.118  7.490 
1.607 -0.378 0.118  7.489 
1.603 -0.376 0.118  7.489 
1.608 -0.378 0.118  7.490 
1.606 -0.378 0.118  7.490 
1.605 -0.377 0.118  7.489 
1.604 -0.377 0.118  7.490 
1.607 -0.378 0.118  7.489 
1.608 -0.378 0.118  7.492 
1.609 -0.379 0.118  7.492 
1.607 -0.378 0.118  7.492 
1.611 -0.379 0.118  7.492 
1.609 -0.378 0.118  7.492 
1.609 -0.379 0.118  7.492 
1.607 -0.378 0.118  7.492 
1.611 -0.379 0.118  7.492 
1.609 -0.378 0.118  7.492 
1.610 -0.379 0.118  7.492 
1.607 -0.378 0.118  7.492 
1.611 -0.379 0.118  7.492 
1.608 -0.378 0.118  7.492 
1.610 -0.379 0.118  7.492 
1.607 -0.378 0.118  7.492 
1.611 -0.379 0.118  7.492 
1.608 -0.378 0.118  7.492 
1.611 -0.379 0.118  7.492 
1.607 -0.378 0.118  7.492 
1.611 -0.379 0.118  7.492 
1.608 -0.378 0.118  7.492 
1.610 -0.379 0.118  7.492 
1.608 -0.378 0.118  7.492 
1.610 -0.379 0.118  7.492 
1.608 -0.378 0.118  7.492 
1.610 -0.379 0.118  7.492 
1.608 -0.378 0.118  7.492 
1.610 -0.379 0.118  7.492 
1.607 -0.378 0.118  7.492 
1.611 -0.379 0.118  7.492 
1.608 -0.378 0.118  7.492 
1.610 -0.379 0.118  7.492 
1.607 -0.378 0.118  7.492 
1.611 -0.379 0.118  7.492 
1.608 -0.378 0.118  7.492 
1.611 -0.379 0.118  7.492 
1.607 -0.378 0.118  7.492 
1.611 -0.379 0.118  7.492 
1.610 -0.379 0.118  7.492 
1.608 -0.378 0.118  7.492 
1.608 -0.378 0.118  7.492 
1.611 -0.379 0.118  7.492 
1.608 -0.378 0.118  7.494 
1.604 -0.377 0.118  7.497 
1.603 -0.376 0.118  7.498 
1.601 -0.375 0.118  7.497 
1.605 -0.377 0.118  7.498 
1.603 -0.376 0.118  7.498 
1.604 -0.376 0.118  7.498 
1.601 -0.375 0.118  7.497 
1.605 -0.377 0.118  7.498 
1.603 -0.376 0.118  7.498 
1.604 -0.376 0.118  7.497 
1.601 -0.376 0.118  7.498 
1.605 -0.377 0.118  7.498 
1.602 -0.376 0.118  7.497 
1.604 -0.377 0.118  7.498 
1.601 -0.375 0.118  7.498 
1.605 -0.377 0.118  7.497 
1.602 -0.376 0.118  7.497 
1.605 -0.377 0.118  7.498 
1.601 -0.375 0.118  7.498 
1.605 -0.377 0.118  7.498 
1.602 -0.376 0.118  7.498 
1.604 -0.377 0.118  7.498 
1.602 -0.376 0.118  7.498 
1.604 -0.377 0.118  7.497 
1.603 -0.376 0.118  7.498 
1.604 -0.376 0.118  7.497 
1.602 -0.376 0.118  7.498 
1.604 -0.377 0.118  7.498 
1.601 -0.376 0.118  7.498 
1.605 -0.377 0.118  7.498 
1.602 -0.376 0.118  7.497 
1.604 -0.377 0.118  7.498 
1.601 -0.375 0.118  7.498 
1.605 -0.377 0.118  7.497 
1.602 -0.376 0.118  7.498 
1.605 -0.377 0.118  7.498 
1.601 -0.375 0.118  7.498 
1.605 -0.377 0.118  7.497 
1.604 -0.377 0.118  7.497 
1.602 -0.376 0.118  7.498 
1.602 -0.376 0.118  7.498 
1.605 -0.377 0.118  7.497 
1.603 -0.376 0.118  7.498 
1.601 -0.375 0.118  7.497 
1.605 -0.377 0.118  7.498 
1.603 -0.376 0.118  7.498 
1.604 -0.376 0.118  7.498 
1.601 -0.375 0.118  7.497 
1.605 -0.377 0.118  7.498 
1.603 -0.376 0.118  7.498 
1.604 -0.376 0.118  7.497 
1.601 -0.376 0.118  7.498 
1.605 -0.377 0.118  7.498 
1.602 -0.376 0.118  7.497 
1.604 -0.377 0.118  7.498 
1.601 -0.375 0.118  7.498 
1.605 -0.377 0.118  7.497 
1.602 -0.376 0.118  7.497 
1.605 -0.377 0.118  7.498 
1.601 -0.375 0.118  7.498 
1.605 -0.377 0.118  7.498 
1.602 -0.376 0.118  7.498 
1.604 -0.377 0.118  7.498 
1.602 -0.376 0.118  7.498 
1.604 -0.377 0.118  7.497 
1.603 -0.376 0.118  7.498 
1.604 -0.376 0.118  7.497 
1.602 -0.376 0.118  7.498 
1.604 -0.377 0.118  7.498 
1.601 -0.376 0.118  7.498 
1.605 -0.377 0.118  7.498 
1.602 -0.376 0.118  7.497 
1.604 -0.377 0.118  7.498 
1.601 -0.375 0.118  7.498 
1.605 -0.377 0.118  7.497 
1.602 -0.376 0.118  7.498 
1.605 -0.377 0.118  7.498 
1.601 -0.375 0.118  7.498 
1.605 -0.377 0.118  7.497 
1.604 -0.377 0.118  7.497 
1.602 -0.376 0.118  7.498 
1.602 -0.376 0.118  7.498 
1.605 -0.377 0.118  7.497 
1.603 -0.376 0.118  7.498 
1.604 -0.376 0.118  7.498 
1.603 -0.376 0.118  7.498 
1.603 -0.376 0.118  7.498 
1.603 -0.376 0.118  7.498 
1.604 -0.376 0.118  7.498 
1.603 -0.376 0.118  7.498 
1.603 -0.376 0.118  7.498 
1.603 -0.376 0.118  7.498 
1.604 -0.376 0.118  7.498 
1.603 -0.376 0.118  7.498 
1.603 -0.376 0.118  7.498 
1.603 -0.376 0.118  7.498 
1.603 -0.376 0.118  7.498 
1.603 -0.376 0.118  7.498 
1.604 -0.376 0.118  7.498 
1.603 -0.376 0.118  7.498 
1.603 -0.376 0.118  7.498 
1.603 -0.376 0.118  7.498 
1.604 -0.376 0.118  7.498 
1.603 -0.376 0.118  7.498 
1.603 -0.376 0.118  7.498 
1.603 -0.376 0.118  7.498 
1.603 -0.376 0.118  7.498 
1.603 -0.376 0.118  7.498 
1.603 -0.376 0.118  7.498 
1.603 -0.376 0.118  7.498 
1.603 -0.376 0.118  7.498 
1.603 -0.376 0.118  7.498 
1.604 -0.376 0.118  7.498 
1.603 -0.376 0.118  7.498 
1.603 -0.376 0.118  7.498 
1.603 -0.376 0.118  7.498 
1.604 -0.376 0.118  7.498 
1.603 -0.376 0.118  7.498 
1.604 -0.376 0.118  7.498 
1.603 -0.376 0.118  7.498 
1.604 -0.376 0.118  7.498 
1.603 -0.376 0.118  7.498 
1.603 -0.376 0.118  7.498 
1.603 -0.376 0.118  7.498 
1.603 -0.376 0.118  7.498 
1.601 -0.375 0.118  7.497 
1.599 -0.375 0.118  7.497 
1.601 -0.375 0.118  7.497 
1.599 -0.375 0.118  7.497 
1.600 -0.375 0.118  7.497 
1.599 -0.375 0.118  7.497 
1.600 -0.375 0.118  7.497 
1.599 -0.375 0.118  7.497 
1.600 -0.375 0.118  7.497 
1.600 -0.375 0.118  7.497 
1.601 -0.375 0.118  7.497 
1.600 -0.375 0.118  7.497 
1.599 -0.375 0.118  7.497 
1.600 -0.375 0.118  7.497 
1.599 -0.375 0.118  7.497 
1.600 -0.375 0.118  7.497 
1.599 -0.375 0.118  7.497 
1.602 -0.376 0.118  7.497 
1.600 -0.375 0.118  7.497 
1.601 -0.375 0.118  7.497 
1.602 -0.376 0.118  7.498 
1.601 -0.375 0.118  7.497 
1.602 -0.376 0.118  7.497 
1.601 -0.375 0.118  7.498 
1.601 -0.376 0.118  7.497 
1.601 -0.375 0.118  7.497 
1.602 -0.376 0.118  7.497 
1.602 -0.376 0.118  7.498 
1.602 -0.376 0.118  7.498 
1.602 -0.376 0.118  7.497 
1.601 -0.375 0.118  7.497 
1.602 -0.376 0.118  7.497 
1.601 -0.375 0.118  7.498 
1.601 -0.375 0.118  7.497 
1.601 -0.375 0.118  7.498 
1.604 -0.376 0.118  7.497 
1.601 -0.376 0.118  7.498 
1.600 -0.375 0.118  7.497 
1.599 -0.375 0.118  7.497 
1.600 -0.375 0.118  7.497 
1.599 -0.375 0.118  7.497 
1.600 -0.375 0.118  7.497 
1.599 -0.375 0.118  7.497 
1.600 -0.375 0.118  7.497 
1.600 -0.375 0.118  7.497 
1.600 -0.375 0.118  7.498 
1.600 -0.375 0.118  7.497 
1.599 -0.375 0.118  7.497 
1.600 -0.375 0.118  7.497 
1.599 -0.375 0.118  7.497 
1.599 -0.375 0.118  7.497 
1.599 -0.375 0.118  7.497 
1.602 -0.376 0.118  7.497 
1.600 -0.375 0.118  7.498 
1.601 -0.375 0.118  7.498 
1.602 -0.376 0.118  7.497 
1.601 -0.375 0.118  7.498 
1.601 -0.375 0.118  7.497 
1.600 -0.375 0.118  7.498 
1.601 -0.376 0.118  7.498 
1.602 -0.376 0.118  7.498 
1.602 -0.376 0.118  7.498 
1.602 -0.376 0.118  7.498 
1.601 -0.375 0.118  7.498 
1.601 -0.376 0.118  7.497 
1.601 -0.375 0.118  7.498 
1.601 -0.375 0.118  7.498 
1.600 -0.375 0.118  7.498 
1.604 -0.376 0.118  7.498 
1.601 -0.375 0.118  7.498 
1.601 -0.375 0.118  7.497 
1.599 -0.375 0.118  7.498 
1.600 -0.375 0.118  7.497 
1.599 -0.375 0.118  7.497 
1.600 -0.375 0.118  7.497 
1.600 -0.375 0.118  7.498 
1.601 -0.375 0.118  7.498 
1.600 -0.375 0.118  7.497 
1.599 -0.375 0.118  7.497 
1.600 -0.375 0.118  7.497 
1.599 -0.375 0.118  7.498 
1.600 -0.375 0.118  7.497 
1.599 -0.375 0.118  7.498 
1.602 -0.376 0.118  7.497 
1.600 -0.375 0.118  7.498 
1.600 -0.375 0.118  7.497 
1.601 -0.375 0.118  7.497 
1.600 -0.375 0.118  7.497 
1.601 -0.375 0.118  7.497 
1.601 -0.376 0.118  7.497 
1.602 -0.376 0.118  7.497 
1.601 -0.376 0.118  7.497 
1.601 -0.375 0.118  7.497 
1.601 -0.375 0.118  7.497 
1.600 -0.375 0.118  7.497 
1.601 -0.375 0.118  7.497 
1.600 -0.375 0.118  7.497 
1.603 -0.376 0.118  7.497 
1.601 -0.375 0.118  7.498 
1.600 -0.375 0.118  7.497 
1.599 -0.375 0.118  7.498 
1.600 -0.375 0.118  7.498 
1.600 -0.375 0.118  7.498 
1.600 -0.375 0.118  7.498 
1.600 -0.375 0.118  7.498 
1.599 -0.375 0.118  7.497 
1.600 -0.375 0.118  7.497 
1.599 -0.375 0.118  7.498 
1.599 -0.375 0.118  7.498 
1.599 -0.375 0.118  7.498 
1.602 -0.376 0.118  7.498 
1.600 -0.375 0.118  7.498 
1.599 -0.375 0.118  7.497 
1.600 -0.375 0.118  7.497 
1.601 -0.375 0.118  7.497 
1.601 -0.375 0.118  7.497 
1.601 -0.375 0.118  7.497 
1.600 -0.375 0.118  7.497 
1.600 -0.375 0.118  7.497 
1.600 -0.375 0.118  7.497 
1.600 -0.375 0.118  7.497 
1.599 -0.375 0.118  7.497 
1.603 -0.376 0.118  7.497 
1.600 -0.375 0.118  7.498 
1.600 -0.375 0.118  7.497 
1.600 -0.375 0.118  7.498 
1.600 -0.375 0.118  7.498 
1.600 -0.375 0.118  7.497 
1.599 -0.375 0.118  7.497 
1.600 -0.375 0.118  7.497 
1.599 -0.375 0.118  7.498 
1.599 -0.375 0.118  7.497 
1.599 -0.374 0.118  7.498 
1.602 -0.376 0.118  7.497 
1.599 -0.375 0.118  7.498 
1.601 -0.375 0.118  7.498 
1.601 -0.375 0.118  7.498 
1.601 -0.375 0.118  7.497 
1.600 -0.375 0.118  7.497 
1.601 -0.375 0.118  7.497 
1.600 -0.375 0.118  7.498 
1.600 -0.375 0.118  7.497 
1.600 -0.375 0.118  7.498 
1.603 -0.376 0.118  7.497 
1.600 -0.375 0.118  7.498 
1.602 -0.376 0.118  7.498 
1.601 -0.375 0.118  7.498 
1.600 -0.375 0.118  7.497 
1.601 -0.375 0.118  7.497 
1.600 -0.375 0.118  7.498 
1.601 -0.375 0.118  7.498 
1.600 -0.375 0.118  7.498 
1.603 -0.376 0.118  7.498 
1.601 -0.375 0.118  7.498 
1.601 -0.376 0.118  7.498 
1.601 -0.375 0.118  7.498 
1.601 -0.376 0.118  7.497 
1.600 -0.375 0.118  7.498 
1.601 -0.375 0.118  7.498 
1.600 -0.375 0.118  7.498 
1.603 -0.376 0.118  7.498 
1.601 -0.375 0.118  7.498 
1.600 -0.375 0.118  7.497 
1.601 -0.375 0.118  7.497 
1.600 -0.375 0.118  7.498 
1.601 -0.375 0.118  7.497 
1.600 -0.375 0.118  7.498 
1.603 -0.376 0.118  7.497 
1.601 -0.375 0.118  7.498 
1.600 -0.375 0.118  7.497 
1.599 -0.375 0.118  7.497 
1.600 -0.375 0.118  7.497 
1.599 -0.375 0.118  7.497 
1.602 -0.376 0.118  7.497 
1.600 -0.375 0.118  7.498 
1.600 -0.375 0.118  7.497 
1.600 -0.375 0.118  7.497 
1.600 -0.375 0.118  7.497 
1.603 -0.376 0.118  7.497 
1.600 -0.375 0.118  7.498 
1.599 -0.375 0.118  7.498 
1.599 -0.375 0.118  7.498 
1.602 -0.376 0.118  7.498 
1.600 -0.375 0.118  7.498 
1.599 -0.375 0.118  7.498 
1.603 -0.376 0.118  7.497 
1.600 -0.375 0.118  7.498 
1.602 -0.376 0.118  7.497 
1.599 -0.375 0.118  7.498 
1.603 -0.376 0.118  7.498 
VariableMetricBuilder: Tolerance is not sufficient - edm is 3.06092e-05 requested 1e-05 continue the minimization
1.600 -0.375 0.118  7.500 
1.600 -0.375 0.118  7.500 
1.601 -0.375 0.118  7.500 
1.598 -0.374 0.118  7.500 
1.603 -0.376 0.118  7.500 
1.600 -0.375 0.118  7.500 
1.601 -0.375 0.118  7.500 
1.598 -0.374 0.118  7.500 
1.603 -0.376 0.118  7.500 
1.600 -0.375 0.118  7.500 
1.601 -0.375 0.118  7.500 
1.599 -0.374 0.118  7.500 
1.603 -0.376 0.118  7.500 
1.600 -0.375 0.118  7.500 
1.601 -0.376 0.118  7.500 
1.598 -0.374 0.118  7.500 
1.603 -0.376 0.118  7.500 
1.599 -0.375 0.118  7.500 
1.602 -0.376 0.118  7.500 
1.598 -0.374 0.118  7.500 
1.603 -0.376 0.118  7.500 
1.599 -0.375 0.118  7.500 
1.602 -0.376 0.118  7.500 
1.600 -0.375 0.118  7.500 
1.602 -0.376 0.118  7.500 
1.600 -0.375 0.118  7.500 
1.601 -0.375 0.118  7.500 
1.599 -0.375 0.118  7.500 
1.602 -0.376 0.118  7.500 
1.599 -0.374 0.118  7.500 
1.602 -0.376 0.118  7.500 
1.599 -0.375 0.118  7.500 
1.602 -0.376 0.118  7.500 
1.598 -0.374 0.118  7.500 
1.603 -0.376 0.118  7.500 
1.599 -0.375 0.118  7.500 
1.602 -0.376 0.118  7.500 
1.598 -0.374 0.118  7.500 
1.603 -0.376 0.118  7.500 
1.602 -0.376 0.118  7.500 
1.600 -0.375 0.118  7.500 
1.599 -0.375 0.118  7.500 
1.602 -0.376 0.118  7.500 
minimum: 

Minuit did successfully converge.

# of function calls: 1346
minimum function value: 0.117653
minimum edm: 3.57257e-08
minimum internal state vector: LAVector parameters:

      2.56601
     -29.9002
      80.9741
      1.82459
    -0.775763
    -0.111991
      -12.347
     -5.69994
      1.89007
      1.07067
      1.64802
      24.0681
       11.298
     -3.03935
     -4.88727
     -3.12837
     0.563462
    -0.769461
     -5.29816
     0.517877


minimum internal covariance matrix: LASymMatrix parameters:

  1.79493e+06 -1.05442e+06  1.25029e+06      66289.9     -29250.4     -1387.84      -210685      -121895     -22640.9      18890.7      11164.6       449822       216364     -56021.1      -103638     -71837.2        15442     -36859.5     -95883.4      5227.84
 -1.05442e+06  1.37706e+07 -6.41635e+06     -76322.1      78596.1      6477.56  1.41016e+06      35489.2      -400267     -89660.4     -63554.8 -1.60983e+06      -868636       233791       341600       306336     -26507.8      48175.2       336017     -33292.1
  1.25029e+06 -6.41635e+06  1.48819e+07       265897      -141232     -16162.9  -2.7737e+06      -853365       492485       213475       217779  4.18971e+06  2.05339e+06      -501885      -800255      -676005       108861     -95583.9      -657872      56688.3
      66289.9     -76322.1       265897      70721.6     -11552.5      -563.14       -53696     -9875.83      32002.7     -175.602      -2682.1      73996.3      35646.6      -8943.1     -14692.5     -12047.6      2535.52      1791.31     -8325.36      2389.55
     -29250.4      78596.1      -141232     -11552.5         8703     -38.4575      12857.2      5869.62     -16941.4     -2102.65     -3049.47     -29600.5     -14926.1      4622.81      6214.42      4376.62     -676.892      1274.95      16935.5     -999.917
     -1387.84      6477.56     -16162.9      -563.14     -38.4575      57.0763      2988.19      992.331     -788.684     -227.728     -376.611     -4478.64     -2474.82      550.382      904.604      866.542     -450.143      347.605      631.399     -28.4005
      -210685  1.41016e+06  -2.7737e+06       -53696      12857.2      2988.19   1.2011e+06       131897      -245416     -39939.7     -58386.2      -822619      -410657      80373.9       127011       130529     -15126.7     -23395.9      84568.1     -2842.82
      -121895      35489.2      -853365     -9875.83      5869.62      992.331       131897       134265      18033.6     -13042.1        -8577      -235719      -124335      22385.7      33261.4      34911.5     -21833.7      9897.31      51620.6        52.76
     -22640.9      -400267       492485      32002.7     -16941.4     -788.684      -245416      18033.6       285318      6333.91      14064.7       156318      75625.9     -30500.5     -15268.6       -24022      15367.3     -8386.98     -30741.3     -340.103
      18890.7     -89660.4       213475     -175.602     -2102.65     -227.728     -39939.7     -13042.1      6333.91      9004.93       1458.9      60962.7      30042.9     -7473.04     -11670.5     -10075.1      1559.09     -2195.23     -5463.42     -365.533
      11164.6     -63554.8       217779      -2682.1     -3049.47     -376.611     -58386.2        -8577      14064.7       1458.9      28937.1      71029.1      34401.2     -13973.9     -14540.7     -9503.55      1077.79     -561.399     -6789.99     -139.243
       449822 -1.60983e+06  4.18971e+06      73996.3     -29600.5     -4478.64      -822619      -235719       156318      60962.7      71029.1  3.82544e+06       598474      -162701      -228858      -206985      25504.5     -25176.1      -111288        10851
       216364      -868636  2.05339e+06      35646.6     -14926.1     -2474.82      -410657      -124335      75625.9      30042.9      34401.2       598474       365675     -72581.3      -107243      -101082     -657.014     -9438.87     -82335.7      4244.95
     -56021.1       233791      -501885      -8943.1      4622.81      550.382      80373.9      22385.7     -30500.5     -7473.04     -13973.9      -162701     -72581.3      32072.6      26940.4        19508     -7600.06      3063.12      18040.7     -2006.09
      -103638       341600      -800255     -14692.5      6214.42      904.604       127011      33261.4     -15268.6     -11670.5     -14540.7      -228858      -107243      26940.4       138090      35276.1     -10321.3      2956.71        25938     -2361.98
     -71837.2       306336      -676005     -12047.6      4376.62      866.542       130529      34911.5       -24022     -10075.1     -9503.55      -206985      -101082        19508      35276.1      46296.2       -13726       2951.1      32756.6     -3474.24
        15442     -26507.8       108861      2535.52     -676.892     -450.143     -15126.7     -21833.7      15367.3      1559.09      1077.79      25504.5     -657.014     -7600.06     -10321.3       -13726      34659.4     -3319.34     -4214.87      -903.63
     -36859.5      48175.2     -95583.9      1791.31      1274.95      347.605     -23395.9      9897.31     -8386.98     -2195.23     -561.399     -25176.1     -9438.87      3063.12      2956.71       2951.1     -3319.34      33637.5     -11067.6     -6386.12
     -95883.4       336017      -657872     -8325.36      16935.5      631.399      84568.1      51620.6     -30741.3     -5463.42     -6789.99      -111288     -82335.7      18040.7        25938      32756.6     -4214.87     -11067.6       613668     -615.093
      5227.84     -33292.1      56688.3      2389.55     -999.917     -28.4005     -2842.82        52.76     -340.103     -365.533     -139.243        10851      4244.95     -2006.09     -2361.98     -3474.24      -903.63     -6386.12     -615.093      11652.8


# ext. ||   name    ||   type  ||   value   ||  error +/- 

   0   ||        p0 ||  free   ||     2.566 ||    1340
   1   ||        p1 ||  free   ||     -29.9 ||    3711
   2   ||        p2 ||  free   ||     80.97 ||    3858
   3   ||        p3 ||  free   ||     1.825 ||   265.9
   4   ||        p4 ||  free   ||   -0.7758 ||   93.29
   5   ||        p5 ||  free   ||    -0.112 ||   7.555
   6   ||        p6 ||  free   ||    -12.35 ||    1096
   7   ||        p7 ||  free   ||      -5.7 ||   366.4
   8   ||        p8 ||  free   ||      1.89 ||   534.2
   9   ||        p9 ||  free   ||     1.071 ||   94.89
  10   ||       p10 ||  free   ||     1.648 ||   170.1
  11   ||       p11 ||  free   ||     24.07 ||    1956
  12   ||       p12 ||  free   ||      11.3 ||   604.7
  13   ||       p13 ||  free   ||    -3.039 ||   179.1
  14   ||       p14 ||  free   ||    -4.887 ||   371.6
  15   ||       p15 ||  free   ||    -3.128 ||   215.2
  16   ||       p16 ||  free   ||    0.5635 ||   186.2
  17   ||       p17 ||  free   ||   -0.7695 ||   183.4
  18   ||       p18 ||  free   ||    -5.298 ||   783.4
  19   ||       p19 ||  free   ||    0.5179 ||   107.9




MnUserCovariance: 

  1.79493e+06 -1.05442e+06  1.25029e+06      66289.9     -29250.4     -1387.84      -210685      -121895     -22640.9      18890.7      11164.6       449822       216364     -56021.1      -103638     -71837.2        15442     -36859.5     -95883.4      5227.84
 -1.05442e+06  1.37706e+07 -6.41635e+06     -76322.1      78596.1      6477.56  1.41016e+06      35489.2      -400267     -89660.4     -63554.8 -1.60983e+06      -868636       233791       341600       306336     -26507.8      48175.2       336017     -33292.1
  1.25029e+06 -6.41635e+06  1.48819e+07       265897      -141232     -16162.9  -2.7737e+06      -853365       492485       213475       217779  4.18971e+06  2.05339e+06      -501885      -800255      -676005       108861     -95583.9      -657872      56688.3
      66289.9     -76322.1       265897      70721.6     -11552.5      -563.14       -53696     -9875.83      32002.7     -175.602      -2682.1      73996.3      35646.6      -8943.1     -14692.5     -12047.6      2535.52      1791.31     -8325.36      2389.55
     -29250.4      78596.1      -141232     -11552.5         8703     -38.4575      12857.2      5869.62     -16941.4     -2102.65     -3049.47     -29600.5     -14926.1      4622.81      6214.42      4376.62     -676.892      1274.95      16935.5     -999.917
     -1387.84      6477.56     -16162.9      -563.14     -38.4575      57.0763      2988.19      992.331     -788.684     -227.728     -376.611     -4478.64     -2474.82      550.382      904.604      866.542     -450.143      347.605      631.399     -28.4005
      -210685  1.41016e+06  -2.7737e+06       -53696      12857.2      2988.19   1.2011e+06       131897      -245416     -39939.7     -58386.2      -822619      -410657      80373.9       127011       130529     -15126.7     -23395.9      84568.1     -2842.82
      -121895      35489.2      -853365     -9875.83      5869.62      992.331       131897       134265      18033.6     -13042.1        -8577      -235719      -124335      22385.7      33261.4      34911.5     -21833.7      9897.31      51620.6        52.76
     -22640.9      -400267       492485      32002.7     -16941.4     -788.684      -245416      18033.6       285318      6333.91      14064.7       156318      75625.9     -30500.5     -15268.6       -24022      15367.3     -8386.98     -30741.3     -340.103
      18890.7     -89660.4       213475     -175.602     -2102.65     -227.728     -39939.7     -13042.1      6333.91      9004.93       1458.9      60962.7      30042.9     -7473.04     -11670.5     -10075.1      1559.09     -2195.23     -5463.42     -365.533
      11164.6     -63554.8       217779      -2682.1     -3049.47     -376.611     -58386.2        -8577      14064.7       1458.9      28937.1      71029.1      34401.2     -13973.9     -14540.7     -9503.55      1077.79     -561.399     -6789.99     -139.243
       449822 -1.60983e+06  4.18971e+06      73996.3     -29600.5     -4478.64      -822619      -235719       156318      60962.7      71029.1  3.82544e+06       598474      -162701      -228858      -206985      25504.5     -25176.1      -111288        10851
       216364      -868636  2.05339e+06      35646.6     -14926.1     -2474.82      -410657      -124335      75625.9      30042.9      34401.2       598474       365675     -72581.3      -107243      -101082     -657.014     -9438.87     -82335.7      4244.95
     -56021.1       233791      -501885      -8943.1      4622.81      550.382      80373.9      22385.7     -30500.5     -7473.04     -13973.9      -162701     -72581.3      32072.6      26940.4        19508     -7600.06      3063.12      18040.7     -2006.09
      -103638       341600      -800255     -14692.5      6214.42      904.604       127011      33261.4     -15268.6     -11670.5     -14540.7      -228858      -107243      26940.4       138090      35276.1     -10321.3      2956.71        25938     -2361.98
     -71837.2       306336      -676005     -12047.6      4376.62      866.542       130529      34911.5       -24022     -10075.1     -9503.55      -206985      -101082        19508      35276.1      46296.2       -13726       2951.1      32756.6     -3474.24
        15442     -26507.8       108861      2535.52     -676.892     -450.143     -15126.7     -21833.7      15367.3      1559.09      1077.79      25504.5     -657.014     -7600.06     -10321.3       -13726      34659.4     -3319.34     -4214.87      -903.63
     -36859.5      48175.2     -95583.9      1791.31      1274.95      347.605     -23395.9      9897.31     -8386.98     -2195.23     -561.399     -25176.1     -9438.87      3063.12      2956.71       2951.1     -3319.34      33637.5     -11067.6     -6386.12
     -95883.4       336017      -657872     -8325.36      16935.5      631.399      84568.1      51620.6     -30741.3     -5463.42     -6789.99      -111288     -82335.7      18040.7        25938      32756.6     -4214.87     -11067.6       613668     -615.093
      5227.84     -33292.1      56688.3      2389.55     -999.917     -28.4005     -2842.82        52.76     -340.103     -365.533     -139.243        10851      4244.95     -2006.09     -2361.98     -3474.24      -903.63     -6386.12     -615.093      11652.8

MnUserCovariance parameter correlations: 

            1    -0.212087     0.241913     0.186057    -0.234031    -0.137115     -0.14349    -0.248302   -0.0316378     0.148588    0.0489883     0.171663     0.267063    -0.233486    -0.208169    -0.249203    0.0619113    -0.150008   -0.0913593    0.0361478
    -0.212087            1     -0.44821   -0.0773387     0.227033      0.23105     0.346737    0.0260998    -0.201934    -0.254615     -0.10068      -0.2218    -0.387091      0.35179     0.247719     0.383661   -0.0383694    0.0707839     0.115589    -0.083109
     0.241913     -0.44821            1     0.259184    -0.392437    -0.554577    -0.656055    -0.603703     0.239001     0.583146     0.331864     0.555282     0.880229    -0.726453    -0.558236    -0.814419     0.151577    -0.135096    -0.217694     0.136128
     0.186057   -0.0773387     0.259184            1    -0.465656    -0.280293    -0.184237    -0.101348     0.225292  -0.00695846   -0.0592886     0.142263     0.221664    -0.187778    -0.148675    -0.210548    0.0512131    0.0367268   -0.0399632    0.0832384
    -0.234031     0.227033    -0.392437    -0.465656            1   -0.0545655     0.125755     0.171709    -0.339977    -0.237515     -0.19216    -0.162227    -0.264585     0.276697     0.179261     0.218038   -0.0389739    0.0745156     0.231738   -0.0992918
    -0.137115      0.23105    -0.554577    -0.280293   -0.0545655            1     0.360903     0.358465    -0.195439     -0.31765    -0.293048    -0.303094    -0.541711     0.406789     0.322218     0.533076    -0.320046     0.250868     0.106686   -0.0348242
     -0.14349     0.346737    -0.656055    -0.184237     0.125755     0.360903            1     0.328447    -0.419227    -0.384039    -0.313179    -0.383768    -0.619644     0.409504     0.311869     0.553534   -0.0741384    -0.116396    0.0985032   -0.0240294
    -0.248302    0.0260998    -0.603703    -0.101348     0.171709     0.358465     0.328447            1    0.0921377    -0.375081    -0.137602    -0.328907    -0.561131     0.341132     0.244274     0.442807    -0.320062     0.147273     0.179835   0.00133385
   -0.0316378    -0.201934     0.239001     0.225292    -0.339977    -0.195439    -0.419227    0.0921377            1     0.124959     0.154789     0.149625     0.234131    -0.318842   -0.0769226    -0.209013     0.154534   -0.0856109   -0.0734668  -0.00589834
     0.148588    -0.254615     0.583146  -0.00695846    -0.237515     -0.31765    -0.384039    -0.375081     0.124959            1    0.0903771     0.328461     0.523545    -0.439734    -0.330955    -0.493442    0.0882514    -0.126133   -0.0734949   -0.0356837
    0.0489883     -0.10068     0.331864   -0.0592886     -0.19216    -0.293048    -0.313179    -0.137602     0.154789    0.0903771            1     0.213485     0.334425    -0.458693    -0.230026    -0.259648    0.0340326   -0.0179942   -0.0509536  -0.00758283
     0.171663      -0.2218     0.555282     0.142263    -0.162227    -0.303094    -0.383768    -0.328907     0.149625     0.328461     0.213485            1     0.506007    -0.464498    -0.314879     -0.49184    0.0700431   -0.0701836   -0.0726338    0.0513943
     0.267063    -0.387091     0.880229     0.221664    -0.264585    -0.541711    -0.619644    -0.561131     0.234131     0.523545     0.334425     0.506007            1    -0.670209    -0.477242    -0.776881  -0.00583602   -0.0851061     -0.17381    0.0650294
    -0.233486      0.35179    -0.726453    -0.187778     0.276697     0.406789     0.409504     0.341132    -0.318842    -0.439734    -0.458693    -0.464498    -0.670209            1     0.404814     0.506259     -0.22795    0.0932576     0.128594    -0.103769
    -0.208169     0.247719    -0.558236    -0.148675     0.179261     0.322218     0.311869     0.244274   -0.0769226    -0.330955    -0.230026    -0.314879    -0.477242     0.404814            1      0.44119    -0.149191    0.0433826    0.0891024   -0.0588816
    -0.249203     0.383661    -0.814419    -0.210548     0.218038     0.533076     0.553534     0.442807    -0.209013    -0.493442    -0.259648     -0.49184    -0.776881     0.506259      0.44119            1    -0.342658    0.0747824     0.194339    -0.149579
    0.0619113   -0.0383694     0.151577    0.0512131   -0.0389739    -0.320046   -0.0741384    -0.320062     0.154534    0.0882514    0.0340326    0.0700431  -0.00583602     -0.22795    -0.149191    -0.342658            1    -0.097214   -0.0289006   -0.0449639
    -0.150008    0.0707839    -0.135096    0.0367268    0.0745156     0.250868    -0.116396     0.147273   -0.0856109    -0.126133   -0.0179942   -0.0701836   -0.0851061    0.0932576    0.0433826    0.0747824    -0.097214            1   -0.0770327    -0.322559
   -0.0913593     0.115589    -0.217694   -0.0399632     0.231738     0.106686    0.0985032     0.179835   -0.0734668   -0.0734949   -0.0509536   -0.0726338     -0.17381     0.128594    0.0891024     0.194339   -0.0289006   -0.0770327            1  -0.00727375
    0.0361478    -0.083109     0.136128    0.0832384   -0.0992918   -0.0348242   -0.0240294   0.00133385  -0.00589834   -0.0356837  -0.00758283    0.0513943    0.0650294    -0.103769   -0.0588816    -0.149579   -0.0449639    -0.322559  -0.00727375            1


MnGlobalCorrelationCoeff: 

     0.745532
     0.605206
     0.992278
     0.875449
     0.954487
      0.93708
     0.937623
     0.945127
     0.801667
     0.822953
     0.897072
     0.616393
     0.974078
     0.975008
     0.810678
      0.98183
      0.95887
     0.641254
     0.539993
     0.625124



