a0000  7244  4  3.2 0.18  0.596  -0.604 13.570 21.485 2csdA 238 326
a0001  7244  4  1.5 0.08  0.144  -0.641 11.321 17.447 1e1dA  25 133
a0002  7244  4  1.0 0.06  0.080  -0.546  6.808 12.322 1k8tA 413 499
a0003  7244  4  0.8 0.06  0.083  -0.478  9.607 19.909 1r6tA 371 435
a0004  7244  4  0.5 0.02  0.036  -0.921  8.942  9.671 1h6gA  68 185
a0005  7244  4  1.8 0.10  0.287  -0.560 10.154 17.615 1zrlA 187 274
a0006  7244  4  1.2 0.05  0.070  -0.839  8.305  9.818 2b1eA 408 533
a0007  7244  4  1.0 0.06  0.074  -0.529  6.975 13.044 1f88A 200 293
a0008  7244  4  0.8 0.03  0.063  -0.701  8.933 12.654 1pv6A 254 356
a0009  7244  4  0.8 0.04  0.049  -0.622  5.890  9.387 1hf8A  54 163
a0010  7244  4  1.2 0.08  0.188  -0.577 11.382 19.389 1k4wA 171 245
a0011  7244  4  2.0 0.10  0.204  -0.600  7.799 12.657 1yt3A 118 233
a0012  7244  4  1.2 0.05  0.122  -0.862  7.789  8.889 1pw4A 236 359
a0013  7244  4  1.5 0.07  0.120  -0.737  5.878  7.817 1wkbA 672 777
a0014  7244  4  1.2 0.10  0.178  -0.554 10.650 18.900 1fm2A  29  90
a0015  7244  4  1.5 0.08  0.119  -0.580  7.370 12.507 2fug4  41 131
a0016  7244  4  0.5 0.03  0.033  -0.546  5.219  9.499 1wmwA   5  85
a0017  7244  4  2.0 0.07  0.196  -0.877  9.409 10.500 1pw4A 304 428
a0018  7244  4  0.8 0.04  0.106  -0.639  6.693 10.308 2ahzA   2 104
a0019  7244  4  0.8 0.04  0.069  -0.673  5.894  8.652 1jlvA  87 191
a0020  7244  4  0.8 0.05  0.083  -0.506  9.429 18.480 1hn0A 340 410
a0021  7244  4  0.2 0.02  0.023  -0.446  5.944 13.277 1x9nA  44 117
a0022  7244  4  1.8 0.07  0.171  -0.807  7.125  8.616 1tbmA 207 322
a0023  7244  4  2.0 0.10  0.209  -0.625  9.359 14.634 1b3uA 440 548
a0024  7244  4  0.2 0.02  0.015  -0.452  7.333 16.198 1sqsA 162 232
a0025  7244  4  2.0 0.07  0.229  -0.899  8.713  9.441 2bg9A 243 370
a0026  7244  4  1.2 0.07  0.103  -0.557  6.775 11.987 1wa5C 743 829
a0027  5132  5  1.2 0.06  0.123  -0.794  6.072  7.492 1r5iD  43 169
a0028  5132  5  2.0 0.12  0.337  -0.649  8.733 12.941 2csdA 223 326
a0029  5132  5  2.2 0.13  0.330  -0.603  8.290 13.206 1mhyB 131 231
a0030  5132  5  1.8 0.10  0.203  -0.652  7.489 11.169 2fbqA  38 149
a0031  5132  5  2.6 0.11  0.311  -0.778  9.061 11.243 1z77A  37 170
a0032  5132  5  2.8 0.11  0.494  -0.869  9.905 10.831 1pv6A   2 138
a0033  5132  5  1.6 0.09  0.171  -0.680  9.544 13.792 1kncA  64 174
a0034  5132  5  0.8 0.06  0.085  -0.499  5.521 10.891 1au7A  40 127
a0035  5132  5  1.4 0.10  0.204  -0.613  8.078 12.854 1z1wA 563 660
a0036  5132  5  3.4 0.14  0.572  -0.788 10.075 12.060 1pw4A 226 359
a0037  5132  5  1.0 0.06  0.093  -0.614  6.191  9.935 1jt6B  74 187
a0038  5132  5  1.6 0.06  0.184  -0.845  9.818 11.402 1z6oA   4 192
a0039  5132  5  1.0 0.05  0.097  -0.771  5.980  7.635 1t56A  47 169
a0040  5132  5  2.0 0.11  0.287  -0.672  6.375  9.054 1yt3A 118 252
a0041  5132  5  2.6 0.10  0.274  -0.898  7.600  8.162 1xioA   3 147
a0042  5132  5  0.8 0.08  0.088  -0.532  8.899 16.550 1uhnA   2  83
a0043  5132  5  2.2 0.10  0.354  -0.799  6.181  7.293 1a37A  19 151
a0044  5132  5  2.4 0.11  0.337  -0.750 11.158 14.436 1pw4A  16 144
a0045  5132  5  3.4 0.15  0.680  -0.761  8.298 10.007 1r5iD  27 148
a0046  5132  5  2.0 0.09  0.512  -0.805  7.431  8.593 1otkA   2 148
a0047  5132  5  2.0 0.10  0.237  -0.744  5.407  6.951 1wkbA 672 791
a0048  5132  5  3.0 0.15  0.450  -0.726  8.407 10.963 1z7lA  13 149
a0049  5132  5  2.2 0.09  0.243  -0.852  8.307  9.471 1fps_ 123 273
a0050  5132  5  2.2 0.11  0.449  -0.752  8.998 11.362 2b1eA 186 307
a0051  5132  5  2.4 0.13  0.418  -0.678  6.172  8.484 1ar1A 289 422
a0052  5132  5  1.6 0.07  0.120  -0.904  7.288  7.926 1v4eA  88 241
a0053  5132  5  1.2 0.09  0.310  -0.634 12.704 19.551 1cm5A 144 240
a0054  5132  5  2.8 0.16  0.482  -0.640  9.774 14.518 1zk8A   5 101
a0055  5132  5  2.8 0.17  0.510  -0.616 10.056 15.487 1ao6A 246 358
a0056  5132  5  2.0 0.12  0.499  -0.603  9.002 14.095 1z7lA   3 102
a0057  5132  5  2.8 0.11  0.349  -0.860  9.474 10.614 1h6gA  22 157
a0058  5132  5  3.2 0.16  0.631  -0.714  6.049  7.584 1qmgA 381 481
a0059  5132  5  2.2 0.13  0.519  -0.674 11.195 15.852 1fiy_ 258 371
a0060  5132  5  1.6 0.07  0.173  -0.802  9.461 11.585 1otkA   2 148
a0061  5132  5  1.4 0.10  0.190  -0.586  8.605 14.369 1di1A 165 260
a0062  5132  5  3.0 0.13  0.537  -0.826  7.316  8.203 1zk8A  47 178
a0063  5132  5  2.4 0.14  0.350  -0.703 10.030 13.765 1izoA 173 283
a0064  5132  5  0.6 0.06  0.058  -0.549 10.611 19.207 1aosA   3  81
a0065  5132  5  1.0 0.08  0.203  -0.588 11.491 19.204 1ai4A  53 122
a0066  5132  5  1.6 0.08  0.222  -0.662 10.967 16.225 1kmiZ  54 178
a0067  5132  5  2.0 0.12  0.308  -0.655  9.953 14.722 1s5lB  11 152
a0068  5132  5  0.8 0.03  0.067  -0.907  9.103  9.959 1st6A 570 719
a0069  5132  5  0.6 0.03  0.031  -0.743  8.567 11.488 1x8zA   3 120
a0070  5132  5  0.6 0.04  0.048  -0.671  9.034 13.393 1iwgA 895 1004
a0071  5132  5  2.6 0.12  0.442  -0.822  6.712  7.627 1aigL  33 200
a0072  5132  5  4.2 0.18  1.128  -0.733 11.238 13.791 1zrlA 410 559
a0073  5132  5  2.0 0.08  0.206  -0.880  7.212  7.963 1cqxA   4 147
a0074  5132  5  0.6 0.05  0.086  -0.547  8.861 16.055 1pbwA  46 145
a0075  5132  5  3.0 0.12  0.408  -0.816 11.449 13.527 1wy0A 100 231
a0076  5132  5  2.2 0.11  0.461  -0.727 11.450 15.108 1wsxA  39 155
a0077  5132  5  2.0 0.11  0.312  -0.654  7.047 10.293 2c9kA  77 200
a0078  5132  5  2.0 0.10  0.258  -0.743  7.552  9.812 2a2mA  29 144
a0079  5132  5  1.6 0.10  0.223  -0.573  6.114 10.277 1ssmA  24 119
a0080  5132  5  1.4 0.08  0.159  -0.679  9.925 14.380 1iw0A  33 147
a0081  5132  5  0.6 0.03  0.059  -0.647  9.736 14.967 1pw4A 168 300
a0082  5132  5  2.4 0.10  0.337  -0.755 11.012 14.149 1z6oA   4 192
a0083  5132  5  0.8 0.04  0.086  -0.710  7.856 10.941 1k8tA 386 499
a0084  5132  5  0.6 0.03  0.052  -0.665  8.614 12.869 2fm8C  57 174
a0085  5132  5  1.6 0.07  0.243  -0.876  7.028  7.746 2ftzA 125 265
a0086  5132  5  1.0 0.06  0.070  -0.650  4.242  6.418 2fbnA  56 154
a0087  5132  5  1.8 0.09  0.243  -0.739  5.729  7.428 1ut0A  21 153
a0088  5132  5  3.2 0.15  0.553  -0.681 11.209 15.637 1qgtC  13 128
a0089  5132  5  2.6 0.11  0.395  -0.826  9.214 10.677 1wmwA 100 235
a0090  5132  5  2.2 0.11  0.367  -0.700  9.808 13.478 1st6A 692 822
a0091  5132  5  1.2 0.07  0.134  -0.626  4.508  6.990 2fbnA  33 132
a0092  5132  5  2.0 0.11  0.210  -0.710  6.320  8.602 1r5zA 159 309
a0093  5132  5  2.4 0.12  0.370  -0.750 12.541 16.227 1wy0A 131 241
a0094  5132  5  2.0 0.11  0.280  -0.655  7.310 10.737 1cl6A 177 280
a0095  5132  5  4.0 0.15  1.103  -0.830  9.516 10.140 1u77A 223 380
a0096  5132  5  1.8 0.12  0.213  -0.580  8.324 13.993 2bkuB 714 810
a0097  5132  5  2.2 0.11  0.413  -0.693  7.935 10.855 1a37A   3 127
a0098  5132  5  2.0 0.10  0.254  -0.777  5.675  6.973 1i1iP  53 174
a0099  5132  5  2.0 0.11  0.291  -0.679  8.972 12.780 1izoA 129 257
a0100  5132  5  3.2 0.16  0.791  -0.697 11.414 15.248 1yewC  39 168
a0101  5132  5  1.8 0.09  0.289  -0.650  7.324 10.819 1zrlA  40 151
a0102  5132  5  1.4 0.11  0.188  -0.612 11.454 18.397 1no3A 486 571
a0103  5132  5  2.0 0.11  0.340  -0.733  8.771 11.504 1izoA 173 283
a0104  3747  6  2.0 0.13  0.312  -0.648  8.383 12.464 1itwA 603 737
a0105  3747  6  1.7 0.12  0.257  -0.597  8.161 13.233 1s9uA  53 168
a0106  3747  6  0.8 0.08  0.102  -0.583  8.525 14.442 1qsaA 397 481
a0107  3747  6  2.2 0.15  0.424  -0.555  6.718 11.334 1xg7A  42 165
a0108  3747  6  2.3 0.12  0.384  -0.747  5.318  6.609 1jfaA 144 303
a0109  3747  6  2.2 0.14  0.398  -0.621  6.216  9.376 1g7oA  62 207
a0110  3747  6  2.2 0.12  0.523  -0.654  5.542  7.670 1hf8A  21 163
a0111  3747  6  1.5 0.09  0.253  -0.556  5.303  9.079 2aw6A 165 285
a0112  3747  6  2.5 0.16  0.540  -0.630  7.232 10.629 1aroP  23 142
a0113  3747  6  2.5 0.15  0.548  -0.624  7.239 10.728 1ysxA  58 199
a0114  3747  6  1.3 0.08  0.313  -0.661  5.325  7.587 1h6oA   5 139
a0115  3747  6  2.0 0.12  0.376  -0.652  5.310  7.564 1rrmA 236 359
a0116  3747  6  1.2 0.09  0.191  -0.496  6.882 13.491 1gw5A 355 447
a0117  3747  6  2.2 0.13  0.306  -0.566  4.750  7.854 2aw6A 165 285
a0118  3747  6  1.0 0.09  0.141  -0.553  7.635 13.544 1h1oA  29 144
a0119  3747  6  0.7 0.05  0.056  -0.622  6.694 10.677 1hz4A 267 367
a0120  3747  6  1.2 0.06  0.116  -0.762  4.578  5.856 1qazA  77 223
a0121  3747  6  1.5 0.11  0.228  -0.496  5.917 11.464 1fqiA  18 125
a0122  3747  6  1.2 0.08  0.179  -0.600  5.237  8.434 1h6pA  52 172
a0123  3747  6  1.2 0.08  0.119  -0.559  4.753  8.294 1dt6A  51 214
a0124  3747  6  0.8 0.09  0.152  -0.578  9.305 15.835 1ib2A  71 141
a0125  3747  6  1.8 0.11  0.261  -0.626  5.490  8.355 1t56A  37 169
a0126  3747  6  1.7 0.14  0.321  -0.624 10.395 16.135 1y1vD  51 152
a0127  3747  6  1.3 0.10  0.164  -0.520  4.634  8.602 2bkuB  55 167
a0128  3747  6  1.3 0.10  0.235  -0.556  5.721  9.877 1dvpA   5 118
a0129  3747  6  1.5 0.11  0.264  -0.540  4.955  8.682 1t06A  92 198
a0130  3747  6  2.5 0.17  0.463  -0.644  8.683 12.768 1f5qB 144 247
a0131  3747  6  1.7 0.10  0.243  -0.643  5.315  7.893 1oe7A  68 205
a0132  3747  6  2.2 0.11  0.369  -0.698  6.210  8.374 1k9xA  62 193
a0133  3747  6  1.5 0.08  0.180  -0.672  5.423  7.801 1k9xA  62 193
a0134  3747  6  1.7 0.13  0.245  -0.599  7.285 11.746 1hqvA  52 179
a0135  3747  6  2.8 0.15  0.550  -0.688  5.690  7.466 1a37A  19 164
a0136  3747  6  1.2 0.08  0.108  -0.601  5.758  9.397 1dk8A  23 130
a0137  3747  6  3.0 0.17  0.648  -0.577  6.077  9.415 1fqyA  70 223
a0138  3747  6  0.7 0.05  0.063  -0.517  4.835  9.229 1lshA 492 595
a0139  3747  6  1.0 0.08  0.214  -0.542  8.172 14.691 2aw6A  92 205
a0140  3747  6  1.7 0.11  0.232  -0.588  7.708 12.718 1jmuB 457 606
a0141  3747  6  1.7 0.12  0.233  -0.552  6.733 11.780 2futA  41 158
a0142  3747  6  1.3 0.08  0.135  -0.637  7.038 10.832 1a6i_  74 188
a0143  3747  6  1.2 0.09  0.109  -0.601  6.302 10.306 1np7A 281 402
a0144  3747  6  0.8 0.07  0.114  -0.508  7.288 14.116 1fqiA  18 125
a0145  3747  6  1.0 0.08  0.152  -0.558  5.824 10.168 1m98A  75 209
a0146  3747  6  0.8 0.06  0.096  -0.594  5.960  9.880 1ssmA   2 119
a0147  3747  6  0.8 0.06  0.088  -0.598  5.811  9.566 1u6gC 564 684
a0148  3747  6  1.5 0.11  0.174  -0.595  5.996  9.781 1h6kA 321 444
a0149  3747  6  2.2 0.11  0.489  -0.746  5.046  6.109 1qazA  77 223
a0150  3747  6  1.8 0.11  0.411  -0.645  5.351  7.664 1k9xA  79 223
a0151  3747  6  1.7 0.11  0.258  -0.597  5.189  8.254 1ldjA 210 333
a0152  3747  6  2.7 0.16  0.505  -0.662  8.316 11.791 1xsm_  25 154
a0153  3747  6  2.7 0.15  0.701  -0.649  6.151  8.402 1h6kA 503 628
a0154  3747  6  1.8 0.10  0.185  -0.734  5.261  6.917 1reqA 376 541
a0155  3747  6  1.3 0.10  0.197  -0.628  7.123 11.026 1z1wA 563 694
a0156  3747  6  1.5 0.11  0.199  -0.618  6.510 10.212 1w63A 471 583
a0157  3747  6  2.0 0.12  0.289  -0.633  5.080  7.563 1uw4B  98 246
a0158  3747  6  2.2 0.18  0.392  -0.557  9.439 16.254 1m98A   4 100
a0159  3747  6  1.7 0.12  0.290  -0.597  6.440 10.308 2futA 196 328
a0160  3747  6  2.7 0.14  0.567  -0.722  6.298  7.942 1xsm_  93 217
a0161  3747  6  1.2 0.07  0.136  -0.627  4.139  6.381 2bkuB 608 728
a0162  3747  6  2.0 0.15  0.388  -0.654 11.121 16.418 1k3pA  97 204
a0163  3747  6  2.0 0.15  0.375  -0.543  5.941 10.251 1h6oA  56 182
a0164  3747  6  1.7 0.12  0.434  -0.579  9.673 15.946 1kwhA 374 492
a0165  3747  6  2.7 0.15  0.505  -0.663  5.427  7.430 2g8lA   7 131
a0166  3747  6  2.2 0.12  0.302  -0.687  4.924  6.733 101m_   5 151
a0167  3747  6  2.7 0.16  0.458  -0.611  6.081  9.204 1vqrA  21 160
a0168  3747  6  3.0 0.20  0.655  -0.617  7.525 11.143 1w6jA 226 360
a0169  3747  6  2.3 0.14  0.392  -0.662  4.871  6.764 1v4aA 262 402
a0170  3747  6  1.5 0.10  0.329  -0.572  5.391  8.844 1vqrA  49 184
a0171  3747  6  1.7 0.14  0.257  -0.562  7.004 11.997 2fiyA  28 125
a0172  3747  6  1.5 0.10  0.265  -0.545  4.818  8.352 2aw6A 165 285
a0173  3747  6  1.2 0.08  0.165  -0.599  4.911  7.925 2f6hX 237 389
a0174  3747  6  1.5 0.10  0.225  -0.605  5.001  7.897 1kt0A 210 329
a0175  3747  6  2.8 0.16  0.528  -0.649  5.741  8.029 1pprM  82 218
a0176  3747  6  1.2 0.08  0.149  -0.563  5.003  8.624 1a0p_   2 128
a0177  3747  6  3.2 0.18  0.631  -0.692  7.702 10.220 1rqgA 400 520
a0178  3747  6  1.3 0.09  0.136  -0.590  4.240  6.961 1n1cA  24 153
a0179  3747  6  1.5 0.12  0.242  -0.623  8.961 13.997 1yt3A 211 330
a0180  3747  6  1.3 0.09  0.329  -0.661  8.151 11.836 2au5A  12 130
a0181  3747  6  1.0 0.08  0.102  -0.495  4.829  9.555 1gw5B 155 264
a0182  3747  6  1.2 0.12  0.160  -0.594  9.397 15.548 1z8sA  10 104
a0183  3747  6  1.3 0.10  0.194  -0.543  5.260  9.334 1yvpA  66 168
a0184  3747  6  1.0 0.10  0.147  -0.544  9.774 17.707 1k19A  13 107
a0185  3747  6  1.5 0.13  0.312  -0.593  9.101 14.820 1dawA 206 328
a0186  3747  6  1.3 0.07  0.213  -0.676  6.132  8.758 1y791  54 182
a0187  3747  6  0.7 0.06  0.052  -0.532  6.161 11.479 1xqrA  63 148
a0188  3747  6  1.8 0.09  0.335  -0.767  5.794  7.120 1ljrA  89 243
a0189  3747  6  1.7 0.11  0.221  -0.583  5.171  8.485 1ibrB 211 359
a0190  3747  6  1.5 0.10  0.377  -0.609  5.996  9.221 1qz4A   5 116
a0191  3747  6  1.0 0.06  0.129  -0.688  6.381  9.095 1r5zA 144 309
a0192  3747  6  0.5 0.04  0.083  -0.562  5.313  9.299 1h6kA 343 485
a0193  3747  6  2.3 0.16  0.418  -0.569  6.746 11.116 1elkA  46 149
a0194  3747  6  1.2 0.09  0.154  -0.563  7.017 12.189 1gw5A 335 429
a0195  3747  6  0.8 0.06  0.087  -0.571  4.057  6.950 1a17_   4 109
a0196  3747  6  2.5 0.16  0.497  -0.582  6.312  9.999 1bk5A 297 402
a0197  3747  6  1.2 0.10  0.195  -0.553  7.633 13.455 1dqeA   2 102
a0198  3747  6  0.7 0.07  0.067  -0.587  8.787 14.845 2ajaA  34 111
a0199  3747  6  1.7 0.11  0.370  -0.628  7.742 11.733 1bgxT 638 777
a0200  3747  6  2.5 0.16  0.463  -0.593  7.109 11.199 1a8a_ 188 291
a0201  3747  6  2.0 0.13  0.264  -0.530  4.729  8.424 1ibrB 259 393
a0202  3747  6  2.2 0.12  0.351  -0.722  6.250  8.172 1kplA   2 162
a0203  3747  6  3.3 0.22  0.753  -0.628  8.746 12.728 1dqsA 226 344
a0204  3747  6  1.2 0.08  0.185  -0.571  4.982  8.402 1w98B  61 187
a0205  3747  6  1.5 0.12  0.305  -0.550  6.097 10.536 1pu6A  30 118
a0206  3747  6  1.3 0.09  0.146  -0.574  4.742  8.007 1lfkA 140 259
a0207  2800  7  2.1 0.18  0.449  -0.599  8.704 13.774 1bk5A  44 157
a0208  2800  7  1.3 0.10  0.259  -0.623  7.077 10.941 1sqfA  34 166
a0209  2800  7  2.9 0.17  0.571  -0.604  5.491  8.151 2futA  66 218
a0210  2800  7  2.4 0.16  0.495  -0.651  7.082 10.122 1z1wA 505 646
a0211  2800  7  1.7 0.12  0.337  -0.603  4.820  7.430 1jmsA  19 155
a0212  2800  7  1.6 0.12  0.246  -0.572  4.847  8.039 1yvpA  46 168
a0213  2800  7  1.6 0.14  0.222  -0.567  6.461 11.003 2bct_ 213 324
a0214  2800  7  2.3 0.14  0.383  -0.657  4.381  6.084 1qazA 131 324
a0215  2800  7  3.6 0.21  0.925  -0.663  7.515  9.941 1h6pA   2 146
a0216  2800  7  1.6 0.09  0.172  -0.721  4.376  5.828 1hz4A   5 147
a0217  2800  7  1.7 0.11  0.321  -0.602  5.345  8.339 1bkdS  64 237
a0218  2800  7  1.7 0.12  0.323  -0.633  5.774  8.610 1dceA  46 170
a0219  2800  7  1.0 0.06  0.090  -0.700  3.809  5.312 1un8A 388 541
a0220  2800  7  2.1 0.16  0.466  -0.653  9.079 13.189 1bk5A  13 127
a0221  2800  7  2.1 0.13  0.529  -0.653  5.562  7.705 1h6pA   2 146
a0222  2800  7  2.3 0.17  0.525  -0.610  6.897 10.439 1td6A  18 164
a0223  2800  7  1.9 0.14  0.413  -0.603  7.578 11.887 1h6kA 418 558
a0224  2800  7  1.1 0.11  0.261  -0.640  9.255 14.044 1xqrA  95 190
a0225  2800  7  2.3 0.14  0.415  -0.673  6.408  8.901 2a2fX  43 218
a0226  2800  7  1.9 0.12  0.368  -0.619  4.820  7.192 2bb6A  84 240
a0227  2800  7  1.9 0.12  0.240  -0.595  5.627  9.046 2futA  66 218
a0228  2800  7  3.1 0.23  0.828  -0.621  9.878 14.563 1finB  57 177
a0229  2800  7  2.0 0.15  0.554  -0.632  8.092 11.926 1t0qA 217 362
a0230  2800  7  2.7 0.19  0.662  -0.638  7.553 10.795 1ux4A 170 312
a0231  2800  7  2.0 0.15  0.465  -0.605  7.995 12.444 1ho8A 105 224
a0232  2800  7  1.4 0.08  0.140  -0.738  4.409  5.785 2a2fX  96 268
a0233  2800  7  1.4 0.11  0.190  -0.603  6.137  9.863 2ajaA 170 297
a0234  2800  7  1.9 0.12  0.332  -0.638  4.637  6.749 1uw4B  36 192
a0235  2800  7  1.6 0.12  0.230  -0.613  7.096 11.200 1u6gC 328 448
a0236  2800  7  2.4 0.14  0.565  -0.700  5.696  7.333 1qbkB 484 647
a0237  2800  7  2.4 0.15  0.431  -0.621  4.191  6.054 1w5sA 211 354
a0238  2800  7  2.1 0.14  0.373  -0.638  5.668  8.305 1xg7A  28 165
a0239  2800  7  2.4 0.15  0.440  -0.664  5.351  7.400 1wer_ 124 298
a0240  2800  7  1.7 0.10  0.278  -0.661  5.009  7.156 1pprM 101 260
a0241  2800  7  2.9 0.21  0.694  -0.633 10.010 14.729 1ai4A  22 141
a0242  2800  7  1.1 0.09  0.200  -0.583  5.037  8.296 1kpsB  22 157
a0243  2800  7  2.1 0.17  0.481  -0.598  7.211 11.248 1b3uA 295 413
a0244  2800  7  1.7 0.11  0.459  -0.641  7.559 11.077 1iwgA 843 987
a0245  2800  7  2.3 0.14  0.441  -0.652  6.095  8.674 1r5zA 119 274
a0246  2800  7  1.0 0.07  0.130  -0.613  6.117  9.760 1js4A 172 334
a0247  2800  7  1.7 0.13  0.288  -0.612  6.226  9.707 1ps1A  62 192
a0248  2800  7  2.6 0.15  0.435  -0.701  5.883  7.773 1ibrB 272 439
a0249  2800  7  3.0 0.19  0.645  -0.662  7.527 10.394 2aplA   2 144
a0250  2800  7  1.6 0.11  0.203  -0.636  5.032  7.597 1dn1A 293 434
a0251  2800  7  1.7 0.11  0.331  -0.648  5.722  8.315 1zq4A 340 489
a0252  2800  7  2.1 0.15  0.383  -0.662  7.618 10.920 1u6gC 768 908
a0253  2800  7  1.9 0.14  0.316  -0.602  6.697 10.599 1qbkB 629 750
a0254  2800  7  2.6 0.15  0.603  -0.701  5.696  7.261 1t0qA 237 382
a0255  2800  7  1.4 0.15  0.318  -0.614  9.256 14.563 1ib2A  84 167
a0256  2800  7  2.0 0.13  0.295  -0.602  4.328  6.701 1fchA  69 205
a0257  2800  7  1.7 0.10  0.211  -0.681  4.197  5.850 2bkuB 448 605
a0258  2800  7  1.3 0.09  0.141  -0.586  3.974  6.545 1fchA 157 279
a0259  2800  7  2.9 0.16  0.537  -0.687  5.469  7.174 1pprM 165 313
a0260  2800  7  0.7 0.04  0.040  -0.711  5.751  8.035 1f0jA 177 350
a0261  2800  7  2.7 0.22  0.652  -0.654 11.595 16.740 1lox_ 446 568
a0262  2800  7  2.9 0.19  0.727  -0.640  7.628 10.780 2bkuB 149 274
a0263  2800  7  1.6 0.10  0.236  -0.661  5.404  7.822 1paqA   2 137
a0264  2800  7  1.3 0.08  0.145  -0.678  4.018  5.714 1qqeA  54 188
a0265  2800  7  2.6 0.16  0.405  -0.650  4.439  6.208 1fchA  87 222
a0266  2800  7  2.1 0.15  0.457  -0.609  6.614 10.107 1qsaA 454 603
a0267  2800  7  1.7 0.13  0.420  -0.597  6.157  9.611 2fflA 567 687
a0268  2800  7  2.1 0.14  0.328  -0.641  7.939 11.880 2bkuB 714 857
a0269  2800  7  3.0 0.19  0.976  -0.621  6.941  9.601 1jkw_  40 190
a0270  2800  7  1.4 0.12  0.248  -0.626  7.970 12.328 1gw5A  68 172
a0271  2800  7  2.4 0.17  0.579  -0.578  7.151 11.370 1lkvX   4 123
a0272  2800  7  2.3 0.15  0.590  -0.633  6.103  8.705 1xqoA   2 134
a0273  2800  7  1.6 0.12  0.321  -0.622  5.772  8.762 1jmsA  38 177
a0274  2800  7  1.7 0.14  0.352  -0.623  7.535 11.523 2bct_  43 138
a0275  2800  7  1.1 0.12  0.209  -0.619  9.537 15.076 1ib2A 120 211
a0276  2800  7  2.0 0.14  0.469  -0.615  8.109 12.433 1r4mA 185 350
a0277  2800  7  4.3 0.28  1.466  -0.613 10.136 14.131 1bgxT 373 492
a0278  2800  7  1.4 0.10  0.186  -0.631  4.358  6.608 1yvpA  25 155
a0279  2800  7  1.7 0.12  0.298  -0.575  5.401  8.873 1wa5C 530 657
a0280  2800  7  2.3 0.16  0.388  -0.643  6.313  9.209 1mhsA 759 911
a0281  2800  7  2.0 0.13  0.459  -0.657  7.426 10.603 1ho8A 274 424
a0282  2800  7  2.7 0.19  0.670  -0.659  9.476 13.361 1d1dA  53 198
a0283  2800  7  2.4 0.14  0.455  -0.691  4.931  6.478 2bkuB 256 416
a0284  2800  7  1.6 0.10  0.335  -0.663  6.748  9.677 1dqsA 182 329
a0285  2800  7  1.3 0.10  0.227  -0.593  4.973  8.005 1w63A 132 267
a0286  2800  7  2.1 0.16  0.400  -0.614  5.919  8.983 1qqeA 154 281
a0287  2800  7  1.9 0.12  0.331  -0.661  5.111  7.235 1gw5A   3 132
a0288  2800  7  2.1 0.14  0.430  -0.591  4.676  7.186 1w63A 415 553
a0289  2800  7  2.1 0.14  0.389  -0.667  5.836  8.172 1iw7F  81 240
a0290  2800  7  1.6 0.12  0.251  -0.587  4.938  7.988 1ddbA  15 182
a0291  2800  7  1.6 0.10  0.221  -0.646  4.846  7.160 1dceA  22 157
a0292  2800  7  1.6 0.11  0.235  -0.578  4.097  6.676 2bkuB 363 505
a0293  2800  7  2.7 0.16  0.611  -0.623  4.981  7.015 1ssmA   2 138
a0294  2800  7  2.4 0.18  0.817  -0.615  8.081 11.816 1a59_ 115 260
a0295  2122  8  1.8 0.12  0.314  -0.624  6.719 10.270 1gw5B 293 453
a0296  2122  8  1.8 0.12  0.428  -0.605  5.357  8.144 1u6gC 461 622
a0297  2122  8  1.9 0.17  0.354  -0.589  7.684 12.445 1bk5A 183 295
a0298  2122  8  2.2 0.19  0.590  -0.596  7.296 11.255 1h6kA 381 558
a0299  2122  8  2.0 0.15  0.453  -0.635  7.611 11.271 1zcdA 114 281
a0300  2122  8  2.6 0.18  0.539  -0.577  4.828  7.436 1w63A  20 169
a0301  2122  8  2.5 0.19  0.497  -0.625  6.986 10.374 1jr3A 178 319
a0302  2122  8  2.5 0.20  0.697  -0.603  8.451 12.860 1mivA 183 329
a0303  2122  8  2.5 0.19  0.633  -0.656  9.652 13.749 1vqrA 132 273
a0304  2122  8  2.6 0.24  0.732  -0.590  8.467 13.117 1y6iA  94 232
a0305  2122  8  1.8 0.14  0.486  -0.615  7.361 11.173 2ajaA 135 284
a0306  2122  8  2.0 0.16  0.449  -0.645  9.280 13.689 1z0xA  37 187
a0307  2122  8  2.8 0.23  1.083  -0.606 10.555 15.638 1r5zA  20 181
a0308  2122  8  1.8 0.14  0.559  -0.581  7.547 12.027 1pxyA  32 201
a0309  2122  8  1.4 0.11  0.327  -0.562  6.084 10.245 1fkmA   3 187
a0310  2122  8  2.1 0.15  0.746  -0.622  6.867  9.840 2ajaA 120 251
a0311  2122  8  1.9 0.16  0.594  -0.608  7.666 11.633 1bk5A  35 157
a0312  2122  8  1.5 0.16  0.253  -0.622  8.681 13.552 1mhlC 305 430
a0313  2122  8  2.0 0.17  0.448  -0.600  7.192 11.239 2ajaA 170 325
a0314  2122  8  1.9 0.17  0.362  -0.606  8.563 13.541 1m98A   4 145
a0315  2122  8  2.0 0.15  0.420  -0.644  8.056 11.862 1ho8A 105 235
a0316  2122  8  1.1 0.09  0.209  -0.601  5.321  8.511 1a59_ 169 330
a0317  2122  8  1.8 0.14  0.594  -0.602  6.696 10.136 1zp2A  25 186
a0318  2122  8  1.4 0.11  0.280  -0.605  7.236 11.497 1pxyA 216 372
a0319  2122  8  2.9 0.25  0.866  -0.603  8.402 12.492 1rfzA  27 165
a0320  2122  8  1.5 0.12  0.288  -0.613  5.647  8.739 1a59_ 169 330
a0321  2122  8  1.9 0.15  0.421  -0.601  7.074 11.067 1g3nC  24 171
a0322  2122  8  1.9 0.17  0.482  -0.625  9.618 14.610 1z6tA 443 577
a0323  2122  8  2.8 0.18  0.651  -0.624  5.973  8.526 1aroP   8 187
a0324  2122  8  1.6 0.12  0.331  -0.582  7.153 11.719 2futA  31 192
a0325  2122  8  1.1 0.10  0.358  -0.624  7.361 11.228 1tbmA  74 200
a0326  2122  8  1.2 0.10  0.171  -0.621  5.087  7.919 1dn1A 293 482
a0327  2122  8  2.8 0.21  0.768  -0.616  7.318 10.627 1wa5C 682 829
a0328  2122  8  3.4 0.29  1.196  -0.583  9.514 14.275 1mhlC 288 418
a0329  2122  8  2.1 0.17  0.494  -0.573  6.024  9.656 1sqc_  79 282
a0330  2122  8  2.4 0.19  0.576  -0.645  9.408 13.693 1hqmD 566 781
a0331  2122  8  1.5 0.16  0.341  -0.609  8.419 13.261 1mi1A 136 344
a0332  2122  8  2.1 0.14  0.484  -0.619  4.538  6.546 1un8A 356 541
a0333  2122  8  1.6 0.14  0.320  -0.554  4.980  8.408 1oyzA  10 134
a0334  2122  8  2.2 0.20  0.577  -0.626  9.711 14.588 2csdA 329 442
a0335  2122  8  1.1 0.10  0.186  -0.617  7.194 11.365 1aa7A   3 134
a0336  2122  8  2.1 0.17  0.547  -0.636  8.422 12.391 2bct_ 142 261
a0337  2122  8  2.6 0.20  0.765  -0.666  9.717 13.441 1eia_  20 179
a0338  2122  8  2.6 0.17  0.709  -0.632  6.767  9.592 1cm5A 131 294
a0339  2122  8  1.5 0.14  0.390  -0.608  8.018 12.543 1avc_ 103 223
a0340  2122  8  2.4 0.19  0.496  -0.637 10.114 15.108 1uddA   5 125
a0341  2122  8  2.1 0.17  0.801  -0.621  8.213 11.936 2prcC  52 282
a0342  2122  8  1.1 0.10  0.143  -0.592  5.379  8.837 1wy6A   2 132
a0343  2122  8  2.0 0.17  0.372  -0.614  8.446 13.146 1xm9A 281 410
a0344  2122  8  1.5 0.13  0.435  -0.604  7.257 11.301 1ib2A 170 278
a0345  2122  8  2.8 0.20  0.855  -0.641  9.175 12.975 1qsaA 102 245
a0346  2122  8  1.0 0.09  0.154  -0.587  5.384  8.913 1bpoA 345 472
a0347  2122  8  2.1 0.18  0.576  -0.603  8.881 13.776 1xfhA 267 405
a0348  2122  8  2.1 0.14  0.351  -0.588  4.430  6.941 1w63A 325 467
a0349  2122  8  1.4 0.15  0.400  -0.620  9.499 14.677 2fo1E 150 285
a0350  2122  8  1.8 0.16  0.467  -0.611  7.803 11.999 1yvpA 175 314
a0351  2122  8  1.0 0.07  0.109  -0.598  3.949  6.417 1gw5B 213 380
a0352  2122  8  1.6 0.13  0.303  -0.614  6.043  9.345 1gw5A 394 529
a0353  2122  8  2.4 0.21  0.622  -0.599  8.387 12.961 1bc9_  23 167
a0354  2122  8  2.5 0.17  0.545  -0.623  5.591  8.104 1bk5A 267 402
a0355  2122  8  0.9 0.08  0.138  -0.604  6.184 10.005 1khyA   5 133
a0356  2122  8  2.5 0.20  0.591  -0.556  6.978 11.479 2bct_ 204 324
a0357  2122  8  1.8 0.13  0.402  -0.613  6.544 10.018 1b3uA 295 435
a0358  2122  8  2.1 0.15  0.412  -0.624  6.109  9.134 1f5qB  86 239
a0359  2122  8  2.4 0.19  0.593  -0.629  9.170 13.630 1aoa_  96 248
a0360  2122  8  2.9 0.22  0.764  -0.584  7.865 12.158 1np7A 157 352
a0361  2122  8  2.1 0.18  0.526  -0.562  6.164 10.038 1xm9A  17 137
a0362  1638  9  2.4 0.20  0.677  -0.591  8.158 12.669 1irxA 312 494
a0363  1638  9  3.2 0.26  1.057  -0.589  8.960 13.418 1u6gC 328 470
a0364  1638  9  1.7 0.13  0.306  -0.638  6.937 10.397 1al6_ 120 292
a0365  1638  9  2.1 0.16  0.521  -0.605  6.239  9.450 1dk5A 107 276
a0366  1638  9  1.6 0.13  0.256  -0.573  5.355  8.898 1avc_ 262 407
a0367  1638  9  2.0 0.17  0.418  -0.650  7.702 11.208 1aisB   2 170
a0368  1638  9  1.0 0.12  0.230  -0.641 10.620 16.206 1wdyA  75 209
a0369  1638  9  2.1 0.20  0.532  -0.611  7.441 11.311 1d8dB  84 264
a0370  1638  9  4.0 0.35  1.533  -0.630 12.195 16.936 2bct_  16 138
a0371  1638  9  1.7 0.14  0.396  -0.615  7.412 11.411 1avc_ 318 467
a0372  1638  9  1.6 0.13  0.371  -0.630  6.898 10.352 1xqrA   5 148
a0373  1638  9  1.7 0.16  0.333  -0.581  6.594 10.786 2bct_ 142 281
a0374  1638  9  2.4 0.22  0.655  -0.604  7.484 11.300 1l5jA  24 159
a0375  1638  9  2.3 0.20  0.577  -0.581  7.164 11.344 1bk5A 254 402
a0376  1638  9  1.8 0.14  0.392  -0.627  6.822 10.261 1qbkB 509 689
a0377  1638  9  1.3 0.13  0.212  -0.635  8.206 12.584 2bct_ 100 219
a0378  1638  9  2.6 0.20  0.551  -0.561  4.979  7.888 1gw5B  97 264
a0379  1638  9  1.7 0.14  0.311  -0.614  7.454 11.625 1pu6A  44 180
a0380  1638  9  1.4 0.12  0.370  -0.655  8.431 12.302 1ku1A   9 207
a0381  1638  9  1.9 0.15  0.542  -0.632  7.131 10.432 1ho8A  37 188
a0382  1638  9  1.4 0.11  0.239  -0.613  5.802  9.075 1wa5C 436 614
a0383  1638  9  2.1 0.20  0.567  -0.621  8.717 13.113 1xqrA  63 190
a0384  1638  9  2.1 0.20  0.468  -0.578  7.708 12.536 1b89A  17 144
a0385  1638  9  2.1 0.16  0.598  -0.586  6.192  9.539 1s9uA  12 191
a0386  1638  9  2.8 0.23  0.778  -0.643 10.152 14.580 1xx7A  30 173
a0387  1638  9  2.3 0.19  0.586  -0.609  7.340 11.097 1k87A   4 160
a0388  1638  9  2.6 0.23  0.638  -0.598  7.558 11.573 1rfzA   2 136
a0389  1638  9  2.2 0.20  0.644  -0.629  8.640 12.706 1u6gC 547 721
a0390  1638  9  3.2 0.27  1.065  -0.628  8.698 12.159 1pu6A  64 188
a0391  1638  9  2.3 0.19  0.687  -0.571  6.223  9.694 1s70B  76 221
a0392  1638  9  1.7 0.17  0.450  -0.610  7.732 11.930 2bct_  43 170
a0393  1638  9  2.6 0.21  0.662  -0.617  8.468 12.652 1q9cA  11 164
a0394  1638  9  1.7 0.16  0.389  -0.570  7.115 11.809 2bct_ 185 324
a0395  1638  9  2.1 0.19  0.540  -0.621  7.555 11.305 1lshA 409 576
a0396  1638  9  2.3 0.20  0.605  -0.642 10.331 15.140 2csdA 181 337
a0397  1638  9  2.7 0.22  0.800  -0.629  8.951 12.953 1pxyA  32 214
a0398  1638  9  1.4 0.12  0.294  -0.564  6.360 10.763 2bct_ 204 340
a0399  1638  9  2.8 0.28  0.963  -0.647 11.542 16.361 1bc9_   5 167
b0000  8313  7  0.7 0.11  0.104  -0.647  2.128  3.126 1ej6A 1038 1119
b0001  8313  7  0.9 0.11  0.187  -0.729  3.295  4.267 1umhA  91 185
b0002  8313  7  0.4 0.08  0.074  -0.612  3.155  5.038 1k28A   5 124
b0003  8313  7  0.9 0.13  0.137  -0.656  3.226  4.707 1sli_  51 120
b0004  8313  7  0.6 0.07  0.069  -0.780  4.445  5.611 1pzdA  28 110
b0005  8313  7  0.6 0.14  0.106  -0.638  4.939  7.573 1fnoA  48 132
b0006  8313  7  0.6 0.10  0.139  -0.611  2.844  4.428 1ah1_  34 116
b0007  8313  7  0.6 0.13  0.110  -0.615  3.712  5.860 1os8A  31 116
b0008  8313  7  1.9 0.18  0.457  -0.820  3.897  4.195 1k1wA 509 617
b0009  8313  7  0.4 0.07  0.059  -0.652  2.747  4.125 1dil_ 253 351
b0010  8313  7  1.9 0.22  0.493  -0.727  3.602  4.279 1cqqA  46 134
b0011  8313  7  0.4 0.09  0.083  -0.600  3.229  5.246 1k32A 439 507
b0012  8313  7  0.6 0.08  0.074  -0.668  1.718  2.462 1gwkA  25 102
b0013  8313  7  2.0 0.21  0.458  -0.767  3.343  3.761 1pu4A 501 653
b0014  8313  7  0.3 0.07  0.064  -0.613  4.010  6.437 1rfs_  35 105
b0015  8313  7  0.4 0.08  0.054  -0.601  2.426  3.946 1vclA  21 101
b0016  8313  7  0.3 0.05  0.052  -0.616  2.090  3.309 2ezm_  17  88
b0017  8313  7  0.7 0.09  0.087  -0.752  2.153  2.748 1s18A 235 318
b0018  8313  7  0.7 0.10  0.117  -0.684  2.203  3.051 2b4wA 192 287
b0019  8313  7  0.4 0.11  0.088  -0.603  3.756  6.083 1qu2A 857 907
b0020  8313  7  0.7 0.12  0.125  -0.644  3.052  4.543 1r17A  34 116
b0021  8313  7  1.1 0.12  0.248  -0.793  2.418  2.735 1bcx_  15 102
b0022  8313  7  0.3 0.04  0.044  -0.761  1.965  2.524 1sli_ 568 672
b0023  8313  7  3.1 0.21  0.788  -0.859  6.366  6.496 1bxwA  35 173
b0024  6809  8  0.5 0.14  0.112  -0.614  4.268  6.764 1lktA  24  90
b0025  6809  8  0.6 0.10  0.146  -0.668  3.426  4.913 2biwA 126 223
b0026  6809  8  0.6 0.10  0.105  -0.614  2.312  3.597 1suuA  62 162
b0027  6809  8  1.4 0.20  0.262  -0.675  2.890  3.893 2atpB   7 101
b0028  6809  8  0.6 0.08  0.125  -0.717  2.222  2.926 1st8A  17 128
b0029  6809  8  0.9 0.10  0.126  -0.794  2.299  2.735 1c9uA  40 147
b0030  6809  8  1.8 0.21  0.478  -0.734  4.745  5.815 1yifA 343 439
b0031  6809  8  2.1 0.20  0.472  -0.817  3.623  3.857 1af6A  99 225
b0032  6809  8  0.5 0.11  0.089  -0.575  2.589  4.346 1jopA  37 118
b0033  6809  8  1.1 0.15  0.220  -0.724  3.228  4.154 1cb8A 411 491
b0034  6809  8  0.5 0.11  0.082  -0.602  3.107  5.025 1fm2B  33  97
b0035  6809  8  0.8 0.12  0.162  -0.594  1.858  2.854 1u4cA   2  86
b0036  6809  8  2.1 0.18  0.415  -0.851  3.760  3.933 1a0sP 136 295
b0037  6809  8  1.0 0.10  0.242  -0.824  2.573  2.831 1jjuA 175 273
b0038  6809  8  1.8 0.16  0.370  -0.842  3.428  3.633 1h80A  97 212
b0039  6809  8  0.4 0.06  0.047  -0.603  1.719  2.772 2b5lA 396 481
b0040  6809  8  1.0 0.14  0.179  -0.672  2.205  3.014 1z78A  74 174
b0041  8313  7  0.6 0.13  0.124  -0.642  4.223  6.387 1hqmC  93 187
b0042  6809  8  0.8 0.10  0.100  -0.728  2.716  3.593 1dyoA   5 109
b0043  6809  8  1.1 0.19  0.301  -0.638  3.788  5.467 1of3A  80 159
b0044  6809  8  0.5 0.14  0.112  -0.657  5.434  8.101 1dfcA  18 102
b0045  6809  8  0.4 0.12  0.092  -0.633  4.827  7.487 1o6sA 330 426
b0046  6809  8  1.0 0.16  0.203  -0.665  3.751  5.336 2dfkA 230 309
b0047  6809  8  0.9 0.11  0.129  -0.759  2.191  2.717 1i82A  41 158
b0048  6809  8  0.9 0.20  0.263  -0.644  4.977  7.318 1v0eA 469 561
b0049  6809  8  0.8 0.11  0.150  -0.651  1.679  2.350 2b5lA  17 109
b0050  6809  8  0.5 0.16  0.125  -0.640  5.181  7.899 1lxa_  53 119
b0051  6809  8  0.4 0.08  0.061  -0.625  3.443  5.413 1zi0A 189 286
b0052  6809  8  0.2 0.06  0.050  -0.589  3.001  5.009 1z27A  55 135
b0053  6809  8  1.5 0.17  0.310  -0.755  2.402  2.772 1bglA 180 296
b0054  6809  8  0.5 0.15  0.126  -0.641  5.052  7.684 1bn8A 287 354
b0055  6809  8  0.6 0.10  0.116  -0.633  2.332  3.500 1jmmA 206 328
b0056  6809  8  1.0 0.19  0.210  -0.629  3.401  5.076 1yueA 256 335
b0057  6809  8  1.1 0.09  0.102  -0.933  3.972  4.150 1a0sP 234 414
b0058  6809  8  0.4 0.10  0.064  -0.618  4.006  6.380 1jrgA  89 151
b0059  6809  8  0.9 0.13  0.190  -0.687  3.666  5.060 1kmoA  68 191
b0060  6809  8  0.9 0.14  0.169  -0.682  3.720  5.209 1ygaA  68 161
b0061  6809  8  1.4 0.12  0.287  -0.862  3.284  3.477 1e54A 148 283
b0062  6809  8  0.8 0.15  0.146  -0.640  3.849  5.785 2gfoA 236 322
b0063  8313  7  2.4 0.16  0.542  -0.897  6.433  6.571 1by3A 142 300
b0064  6809  8  1.6 0.14  0.366  -0.852  3.495  3.674 1nqeA 120 243
b0065  6809  8  0.8 0.21  0.214  -0.665  6.254  9.086 1v0eA 469 561
b0066  6809  8  2.0 0.20  0.389  -0.801  3.241  3.561 1t16A 231 350
b0067  6809  8  1.0 0.15  0.203  -0.710  4.111  5.504 1m06G  32 129
b0068  6809  8  1.5 0.17  0.399  -0.734  2.871  3.366 1txkA 161 266
b0069  6809  8  0.4 0.09  0.062  -0.589  3.108  5.170 1cvsC   3  71
b0070  6809  8  0.6 0.12  0.160  -0.581  2.484  3.998 1avu_  29 137
b0071  6809  8  1.0 0.15  0.230  -0.715  5.272  7.050 1jh5A  50 144
b0072  6809  8  1.0 0.10  0.131  -0.864  2.551  2.799 1r0uA  44 142
b0073  6809  8  1.1 0.11  0.259  -0.835  2.689  2.911 1bw8A 137 256
b0074  6809  8  0.6 0.11  0.093  -0.596  2.247  3.618 1hxmA 128 203
b0075  5642  9  0.7 0.11  0.099  -0.594  1.785  2.839 1ilr1  15 119
b0076  6809  8  2.2 0.23  0.548  -0.769  3.780  4.205 1cauA  43 135
b0077  5642  9  0.4 0.12  0.115  -0.642  4.640  7.050 1extA  47 136
b0078  5642  9  1.0 0.12  0.274  -0.789  4.234  5.020 1wcdJ 154 274
b0079  5642  9  1.3 0.16  0.297  -0.711  2.961  3.747 1uypA 160 276
b0080  6809  8  1.1 0.17  0.267  -0.643  2.900  4.096 2futA 604 702
b0081  6809  8  0.6 0.09  0.127  -0.665  2.103  2.971 2f4lA  28 121
b0082  5642  9  0.7 0.19  0.149  -0.649  5.022  7.513 1v3wA  90 145
b0083  5642  9  0.9 0.13  0.181  -0.652  1.928  2.677 1w99A 412 533
b0084  5642  9  1.6 0.16  0.375  -0.791  2.689  2.925 1vh4A 155 281
b0085  5642  9  0.7 0.09  0.079  -0.728  1.698  2.223 1jofA 168 291
b0086  5642  9  1.2 0.25  0.321  -0.603  3.582  5.412 1hf2A  93 169
b0087  5642  9  0.9 0.12  0.185  -0.696  2.416  3.204 1jjuB 197 309
b0088  5642  9  0.9 0.19  0.260  -0.596  3.417  5.300 1i7oA 182 277
b0089  5642  9  0.9 0.13  0.125  -0.657  2.059  2.945 1ofzA 168 273
b0090  5642  9  1.3 0.22  0.418  -0.661  4.349  5.951 1go3E  66 159
b0091  6809  8  1.1 0.16  0.270  -0.670  2.590  3.461 1wxrA 643 732
b0092  5642  9  0.7 0.12  0.187  -0.672  4.065  5.768 1h54A  36 143
b0093  6809  8  2.0 0.19  0.715  -0.756  3.675  3.915 1htyA 522 643
b0094  5642  9  0.9 0.18  0.221  -0.597  3.230  5.041 1avu_  42 161
b0095  5642  9  1.0 0.15  0.208  -0.637  2.524  3.638 1u4cA   2  96
b0096  5642  9  2.1 0.21  0.503  -0.776  2.986  3.200 1k42A  41 167
b0097  5642  9  1.0 0.12  0.196  -0.751  2.190  2.656 1kqrA  38 139
b0098  5642  9  1.8 0.24  0.517  -0.678  3.828  4.881 1htyA 557 687
b0099  5642  9  1.6 0.15  0.365  -0.815  2.952  3.172 1a0sP 123 278
b0100  5642  9  0.6 0.17  0.148  -0.633  4.603  7.033 1ogqA 153 252
b0101  5642  9  1.2 0.14  0.276  -0.747  2.903  3.518 1k42A  16 135
b0102  5642  9  0.8 0.11  0.204  -0.642  2.002  2.799 1bpoA 126 234
b0103  5642  9  1.9 0.23  0.448  -0.710  3.264  3.969 1dabA 216 345
b0104  5642  9  0.4 0.15  0.100  -0.653  5.437  8.168 2f9cA 207 265
b0105  5642  9  1.9 0.21  0.539  -0.709  2.648  2.976 1a18_  39 132
b0106  5642  9  0.9 0.10  0.130  -0.842  2.194  2.450 1vh4A 186 310
b0107  5642  9  0.7 0.10  0.111  -0.646  1.715  2.483 2ghsA  40 137
b0108  5642  9  1.9 0.20  0.513  -0.746  2.995  3.328 1dyoA  19 137
b0109  5642  9  0.9 0.15  0.169  -0.603  2.274  3.492 1kzqA 146 253
b0110  6809  8  1.0 0.16  0.245  -0.616  2.630  3.868 1a65A 217 337
b0111  5642  9  1.0 0.22  0.281  -0.623  4.072  6.082 1fjrA  97 186
b0112  6809  8  1.9 0.21  0.500  -0.719  3.513  4.191 1c28A  33 123
b0113  5642  9  1.0 0.17  0.189  -0.656  3.398  4.893 1nkgA  10  99
b0114  6809  8  0.4 0.10  0.061  -0.624  4.039  6.370 1y7eA  62 174
b0115  5642  9  2.1 0.23  0.655  -0.715  3.854  4.476 1nlr_  59 166
b0116  6809  8  1.8 0.17  0.351  -0.820  2.994  3.225 1s2bA  16 131
b0117  5642  9  2.3 0.27  0.648  -0.710  4.618  5.590 1ux7A  10 103
b0118  6809  8  2.6 0.26  0.663  -0.767  4.245  4.668 2phlA 208 304
b0119  5642  9  0.8 0.16  0.173  -0.617  3.435  5.287 1wv3A   2  80
b0120  5642  9  1.1 0.14  0.247  -0.702  2.885  3.758 1y4wA 168 288
b0121  6809  8  0.9 0.15  0.153  -0.619  2.753  4.201 1htyA 664 768
b0122  5642  9  1.4 0.17  0.381  -0.709  2.918  3.576 1opmA 110 224
b0123  5642  9  1.0 0.17  0.167  -0.600  2.229  3.436 2b5lA 433 524
b0124  5642  9  1.3 0.18  0.233  -0.651  1.969  2.665 1jofA 255 366
b0125  5642  9  0.9 0.16  0.297  -0.651  4.267  6.096 1eo8A 221 302
b0126  5642  9  1.8 0.17  0.418  -0.794  2.837  3.045 1w18A  90 269
b0127  5642  9  1.0 0.13  0.162  -0.723  1.971  2.501 1ux7A  17 120
b0128  5642  9  1.0 0.14  0.210  -0.719  3.292  4.289 1uypA 224 341
b0129  5642  9  1.9 0.23  0.546  -0.707  4.075  4.990 1v2iA 292 427
b0130  5642  9  0.9 0.17  0.227  -0.673  4.251  5.979 1ogmX 166 270
b0131  4763 10  1.2 0.17  0.414  -0.674  3.478  4.544 1w99A 307 430
b0132  4763 10  1.4 0.18  0.421  -0.730  4.228  5.216 1d6uA 236 364
b0133  5642  9  1.4 0.20  0.333  -0.682  2.826  3.655 1h30A 196 297
b0134  4763 10  2.7 0.27  0.778  -0.707  3.192  3.411 1k1wA 495 629
b0135  4763 10  1.1 0.25  0.359  -0.663  5.193  7.295 1qiuA  15 128
b0136  4763 10  1.7 0.25  0.489  -0.640  2.993  3.910 1o7dD 105 245
b0137  5642  9  2.1 0.24  0.731  -0.752  6.342  7.466 1xkhA 365 498
b0138  5642  9  0.8 0.12  0.146  -0.696  3.696  5.097 1bmfD   2 126
b0139  5642  9  2.0 0.22  0.689  -0.700  3.197  3.582 1ayrA 161 282
b0140  4763 10  0.6 0.13  0.211  -0.620  3.412  5.163 1g8jB   4 119
b0141  5642  9  0.8 0.13  0.123  -0.635  2.659  3.996 1k32A 389 488
b0142  4763 10  1.2 0.17  0.283  -0.690  3.217  4.251 1txkA 104 232
b0143  4763 10  2.7 0.28  0.832  -0.744  4.883  5.447 1xkhA 115 279
b0144  4763 10  0.8 0.13  0.216  -0.616  2.060  2.990 1jmxB  19 121
b0145  4763 10  0.8 0.15  0.166  -0.615  2.489  3.779 1jlxA  67 192
b0146  5642  9  2.6 0.22  0.833  -0.779  4.326  4.486 1k1wA 503 629
b0147  5642  9  1.6 0.17  0.381  -0.789  3.860  4.409 2phlA 208 313
b0148  5642  9  1.8 0.18  0.393  -0.806  3.071  3.322 1sntA 208 345
b0149  4763 10  2.1 0.23  0.629  -0.688  2.840  3.216 1txkA 250 408
b0150  5642  9  1.6 0.25  0.411  -0.640  3.529  4.870 2fx3A 235 338
b0151  6809  8  2.0 0.21  0.651  -0.734  4.002  4.567 1wd8A 142 251
b0152  5642  9  2.6 0.26  0.765  -0.728  3.681  4.008 1kjzA 270 401
b0153  5642  9  0.9 0.12  0.167  -0.718  1.913  2.432 1jjuB 197 309
b0154  4763 10  1.6 0.16  0.506  -0.786  3.944  4.373 1kmoA  68 231
b0155  4763 10  0.9 0.16  0.214  -0.584  2.164  3.340 2bbkH 111 214
b0156  4763 10  1.6 0.17  0.387  -0.771  2.491  2.731 1txkA 283 455
b0157  5642  9  1.1 0.15  0.247  -0.688  2.030  2.592 1fnf_ 215 314
b0158  4763 10  2.1 0.23  0.542  -0.724  2.720  3.011 1a4gA 210 374
b0159  5642  9  0.6 0.12  0.167  -0.577  2.686  4.366 1air_ 193 263
b0160  4763 10  2.0 0.22  0.605  -0.716  3.626  4.222 1uypA 160 288
b0161  4763 10  0.7 0.14  0.135  -0.573  2.320  3.811 1gof_ 385 513
b0162  4763 10  1.3 0.17  0.323  -0.664  2.067  2.628 1e1aA 151 264
b0163  4763 10  0.7 0.14  0.229  -0.626  3.369  5.011 1x50A  41 151
b0164  4763 10  1.7 0.15  0.364  -0.840  3.198  3.373 1vh4A 215 356
b0165  5642  9  2.2 0.22  0.780  -0.745  4.397  4.854 1ayrA 189 338
b0166  4763 10  1.5 0.16  0.293  -0.798  2.432  2.680 1bh3_ 131 275
b0167  5642  9  2.4 0.30  0.897  -0.670  4.683  5.651 1ztmA 195 274
b0168  4763 10  1.1 0.14  0.198  -0.736  2.361  2.937 2bbkH  61 176
b0169  6809  8  2.2 0.19  0.692  -0.797  4.051  4.217 1nqeA 407 523
b0170  4763 10  1.8 0.27  0.589  -0.634  3.481  4.560 1q25A  83 216
b0171  4763 10  1.1 0.28  0.370  -0.657  5.421  7.682 1o6sA 308 446
b0172  4763 10  0.8 0.17  0.158  -0.582  2.740  4.439 1v0eA 540 635
b0173  4763 10  1.4 0.21  0.344  -0.671  3.187  4.236 1upsA 230 359
b0174  5642  9  1.4 0.20  0.396  -0.688  3.720  4.829 2a73B 191 304
b0175  5642  9  2.1 0.20  0.536  -0.790  3.302  3.499 1s2bA   2 131
b0176  4763 10  1.5 0.14  0.287  -0.883  4.074  4.288 1a0sP 111 278
b0177  5642  9  3.0 0.31  1.087  -0.660  4.022  4.446 2phlA 202 304
b0178  4763 10  0.8 0.16  0.188  -0.559  2.235  3.661 1xsiA 643 749
b0179  4763 10  1.2 0.13  0.193  -0.819  2.170  2.413 1vavA  80 223
b0180  4763 10  1.1 0.11  0.159  -0.864  2.603  2.829 1t16A 221 378
b0181  4763 10  0.9 0.20  0.293  -0.666  4.971  7.019 117eA  42 149
b0182  4763 10  1.1 0.16  0.247  -0.658  2.520  3.455 1cx1A  23 151
b0183  4763 10  0.9 0.17  0.206  -0.591  2.691  4.205 1h09A 242 338
b0184  4763 10  0.9 0.15  0.166  -0.634  2.527  3.722 1aofA 222 316
b0185  4763 10  1.2 0.14  0.223  -0.785  2.091  2.379 1t16A 231 394
b0186  4763 10  1.5 0.19  0.446  -0.694  2.516  2.984 1cb8A 314 469
b0187  5642  9  1.1 0.16  0.221  -0.678  2.891  3.939 2b5iB  67 195
b0188  6809  8  2.8 0.27  0.968  -0.753  5.623  6.185 1h8vA   2 126
b0189  4763 10  1.5 0.19  0.393  -0.704  3.094  3.836 1ux7A  10 120
b0190  5642  9  0.7 0.12  0.129  -0.652  3.173  4.667 1a3z_  32 134
b0191  5642  9  2.3 0.23  0.676  -0.741  3.241  3.463 1txkA 337 483
b0192  4763 10  1.4 0.18  0.317  -0.692  2.751  3.520 1r17A 158 311
b0193  6809  8  3.0 0.23  1.103  -0.767  5.195  5.336 1tg8A  28 175
b0194  4763 10  1.6 0.18  0.450  -0.726  2.359  2.628 1txkA 260 427
b0195  5642  9  1.0 0.16  0.472  -0.667  4.316  5.765 1iraY  83 200
b0196  4763 10  1.0 0.14  0.176  -0.711  2.057  2.647 1cb8A 314 469
b0197  4763 10  2.7 0.29  0.926  -0.666  3.566  3.964 1v2iA 277 427
b0198  5642  9  2.0 0.19  0.628  -0.786  3.748  3.971 1h8vA   9 153
b0199  4083 11  2.2 0.32  0.808  -0.636  4.223  5.370 1ug9A 774 913
b0200  4083 11  0.9 0.19  0.200  -0.573  2.515  4.038 2bibA 296 410
b0201  4083 11  1.2 0.24  0.412  -0.607  3.481  5.059 1jv2A 252 381
b0202  5642  9  1.1 0.16  0.199  -0.668  2.351  3.224 1fnf_ 150 246
b0203  4763 10  1.9 0.23  0.567  -0.729  4.673  5.630 1gmmA   3 114
b0204  4083 11  1.4 0.20  0.320  -0.648  2.317  3.082 1h30A  34 150
b0205  4083 11  0.8 0.13  0.138  -0.662  2.219  3.146 1mfa_ 115 230
b0206  4083 11  1.3 0.22  0.328  -0.656  3.645  5.055 1v0eA 395 556
b0207  4083 11  1.0 0.17  0.185  -0.622  2.415  3.583 1mfa_  17 126
b0208  4083 11  0.8 0.20  0.208  -0.662  4.538  6.536 1o6sA  45 268
b0209  4763 10  1.5 0.17  0.352  -0.742  2.776  3.267 1uypA 133 258
b0210  4763 10  1.3 0.22  0.352  -0.620  3.123  4.472 1jmxB  63 163
b0211  4083 11  1.4 0.25  0.498  -0.683  5.072  6.693 1ygaA  34 161
b0212  4083 11  0.9 0.22  0.248  -0.627  3.900  5.828 1c9uA 216 396
b0213  4083 11  0.5 0.12  0.141  -0.607  2.780  4.351 1ck7A 436 553
b0214  4083 11  0.8 0.15  0.205  -0.607  2.620  3.979 1k32A  22 130
b0215  4083 11  1.5 0.22  0.448  -0.680  3.331  4.242 1cb8A 362 499
b0216  4083 11  1.6 0.23  0.455  -0.677  3.410  4.363 1nkgA 146 312
b0217  4083 11  1.3 0.16  0.309  -0.693  1.911  2.313 1cvmA 130 262
b0218  4763 10  1.0 0.15  0.146  -0.680  2.419  3.340 1ri6A 214 334
b0219  4763 10  2.3 0.26  0.769  -0.656  2.877  3.212 2b5lA 268 393
b0220  4763 10  1.1 0.18  0.327  -0.647  3.176  4.402 1cs6A 111 213
b0221  4083 11  0.7 0.17  0.185  -0.614  3.313  5.090 1ogmX 231 343
b0222  4083 11  2.0 0.26  0.605  -0.644  2.989  3.701 1cwvA  83 206
b0223  4763 10  1.7 0.18  0.416  -0.778  2.880  3.166 1tg8A  18 186
b0224  4083 11  0.9 0.12  0.200  -0.676  1.729  2.263 1uaiA  53 183
b0225  4083 11  0.6 0.17  0.165  -0.629  4.003  6.107 1dfcA 338 441
b0226  4083 11  0.8 0.15  0.185  -0.578  2.110  3.328 1pguA 386 483
b0227  4083 11  0.9 0.19  0.192  -0.597  2.647  4.112 1hf2A  72 169
b0228  4083 11  1.2 0.18  0.271  -0.688  3.279  4.374 1w18A 307 449
b0229  4763 10  1.5 0.22  0.458  -0.662  3.631  4.792 2c9kA 376 515
b0230  4083 11  1.4 0.23  0.393  -0.643  3.569  4.939 2f4lA  28 140
b0231  4763 10  0.8 0.12  0.145  -0.640  1.914  2.761 2b5lA 476 583
b0232  4763 10  1.2 0.21  0.300  -0.597  2.532  3.742 1iraY  34 159
b0233  4083 11  1.2 0.20  0.342  -0.671  3.716  5.026 1h54A  31 159
b0234  4083 11  0.5 0.09  0.103  -0.612  1.692  2.597 2b5lA 575 696
b0235  5642  9  0.6 0.09  0.108  -0.608  1.877  2.908 1c4rA  43 154
b0236  4083 11  1.1 0.19  0.235  -0.601  2.480  3.737 1aofA 251 364
b0237  4083 11  1.5 0.25  0.381  -0.606  2.800  3.994 1iraY  20 159
b0238  4083 11  0.5 0.08  0.113  -0.592  1.795  2.840 1vyhC  93 219
b0239  6809  8  1.2 0.17  0.309  -0.770  5.363  6.566 1czfA 155 235
b0240  4763 10  1.5 0.20  0.371  -0.663  2.138  2.666 1bhe_ 204 313
b0241  4083 11  1.2 0.14  0.231  -0.739  1.885  2.238 1cvmA 130 262
b0242  5642  9  2.2 0.24  0.811  -0.656  2.905  3.190 1j58A  51 162
b0243  4083 11  1.6 0.21  0.544  -0.664  2.947  3.621 1mz5A  27 170
b0244  4763 10  1.6 0.29  0.636  -0.626  4.289  5.832 1uurA 122 228
b0245  4763 10  1.9 0.18  0.693  -0.759  3.403  3.571 1t16A 196 350
b0246  4083 11  1.0 0.18  0.205  -0.611  2.578  3.886 2b5lA 853 957
b0247  4083 11  0.9 0.17  0.193  -0.626  2.868  4.269 1xezA 506 615
b0248  4083 11  0.7 0.18  0.179  -0.632  3.690  5.555 1lp3A 239 406
b0249  4763 10  0.8 0.17  0.209  -0.612  3.392  5.204 1f3rB  57 164
b0250  4763 10  2.4 0.24  0.768  -0.689  2.923  3.129 1mz5A  17 156
b0251  4763 10  1.6 0.23  0.471  -0.656  3.091  3.993 1sli_ 292 412
b0252  4763 10  1.0 0.13  0.213  -0.715  2.058  2.579 1jofA   2 128
b0253  4083 11  1.4 0.19  0.287  -0.706  3.154  4.062 1kmoA  50 231
b0254  6809  8  2.4 0.24  0.842  -0.689  3.584  3.979 1htyA 522 643
b0255  4083 11  1.1 0.22  0.299  -0.650  4.110  5.864 1v0eA 395 556
b0256  4763 10  1.4 0.26  0.447  -0.648  4.421  6.135 2gfoA 213 322
b0257  4763 10  0.9 0.15  0.168  -0.631  2.244  3.292 1fxzA 185 308
b0258  4763 10  2.5 0.27  0.706  -0.732  4.379  5.021 1gmmA   3 114
b0259  5642  9  1.0 0.21  0.298  -0.625  4.201  6.249 1clwA 235 330
b0260  4083 11  0.8 0.16  0.190  -0.588  2.325  3.629 2bwrA 241 380
b0261  4083 11  0.8 0.12  0.178  -0.674  1.711  2.275 1xipA  82 191
b0262  4763 10  0.9 0.14  0.168  -0.612  1.915  2.854 1a47_ 528 661
b0263  4083 11  1.9 0.23  0.487  -0.720  3.012  3.505 1uypA 160 296
b0264  4083 11  1.4 0.20  0.549  -0.630  3.010  3.909 1r17A 153 311
b0265  4083 11  1.2 0.18  0.393  -0.645  2.976  4.005 1h30A 151 297
b0266  4083 11  1.5 0.20  0.396  -0.654  2.066  2.552 1ofzA  73 209
b0267  4083 11  1.8 0.22  0.486  -0.710  3.077  3.649 1y4wA 168 314
b0268  4083 11  0.8 0.19  0.156  -0.590  2.786  4.457 1air_  81 192
b0269  4763 10  1.0 0.18  0.260  -0.635  3.061  4.413 1cs6A 111 213
b0270  4083 11  0.6 0.11  0.117  -0.591  1.749  2.761 2b5nA  52 167
b0271  4083 11  1.1 0.19  0.278  -0.625  2.684  3.853 1qniA  73 196
b0272  4083 11  1.9 0.27  0.533  -0.656  2.983  3.734 1jovA 133 258
b0273  4763 10  2.4 0.28  0.736  -0.696  4.099  4.828 1ux7A   2 103
b0274  5642  9  0.9 0.17  0.223  -0.614  3.187  4.830 1y3tA 156 252
b0275  4763 10  2.4 0.37  1.379  -0.592  5.482  6.930 1iraY  54 165
b0276  4083 11  0.7 0.12  0.138  -0.606  2.106  3.246 1aofA 112 239
b0277  4763 10  1.3 0.19  0.286  -0.698  2.960  3.831 1ya5A  44 146
b0278  4083 11  0.4 0.09  0.085  -0.594  2.736  4.461 1dbgA  21 113
b0279  3515 12  0.8 0.13  0.126  -0.661  1.783  2.505 2b5iB   2 160
b0280  3515 12  1.0 0.24  0.276  -0.635  3.844  5.618 1dbgA  33 145
b0281  3515 12  0.8 0.19  0.222  -0.628  3.275  4.860 2aukA  17 124
b0282  3515 12  1.2 0.22  0.403  -0.618  2.947  4.114 1nkgA  78 231
b0283  3515 12  0.8 0.15  0.265  -0.682  3.682  5.014 1h54A  31 169
b0284  3515 12  0.5 0.11  0.089  -0.601  2.507  4.025 2bibA 276 402
b0285  4083 11  1.1 0.14  0.280  -0.707  2.081  2.548 1k42A  16 167
b0286  3515 12  1.2 0.20  0.267  -0.619  2.392  3.434 1jovA  97 220
b0287  4083 11  1.2 0.18  0.359  -0.680  3.532  4.667 1iraY  60 200
b0288  4083 11  1.1 0.26  0.318  -0.624  4.041  5.962 1v0eA 502 615
b0289  3515 12  1.1 0.19  0.410  -0.633  3.336  4.623 1ug9A 737 895
b0290  3515 12  1.3 0.19  0.440  -0.667  2.774  3.501 1txkA  77 232
b0291  3515 12  1.1 0.19  0.254  -0.604  2.287  3.363 1k32A  22 138
b0292  4083 11  1.4 0.24  0.520  -0.602  3.411  4.807 1v7vA  12 154
b0293  3515 12  0.7 0.21  0.294  -0.663  5.305  7.562 1lxa_  19 101
b0294  3515 12  0.8 0.15  0.189  -0.566  1.906  3.034 1bpoA  30 145
b0295  3515 12  1.3 0.29  0.397  -0.662  4.547  6.268 1jv2A 314 451
b0296  3515 12  1.0 0.24  0.321  -0.670  4.848  6.754 2f9cA   9 109
b0297  3515 12  0.9 0.19  0.221  -0.583  2.479  3.874 2bibA 322 443
b0298  3515 12  1.2 0.23  0.342  -0.619  3.008  4.310 1pguA 255 369
b0299  3515 12  1.0 0.19  0.252  -0.643  3.284  4.713 1f3rB  57 189
b0300  3515 12  1.7 0.27  0.541  -0.611  3.161  4.288 1bpoA  62 187
b0301  3515 12  1.5 0.20  0.515  -0.671  3.206  4.008 1h30A  16 141
b0302  3515 12  0.8 0.17  0.170  -0.590  2.644  4.192 1wxrA 327 440
b0303  3515 12  0.6 0.17  0.136  -0.640  4.000  6.041 1sqjA 527 659
b0304  3515 12  1.8 0.28  0.891  -0.640  4.826  6.150 1yifA 299 444
b0305  3515 12  1.0 0.21  0.293  -0.619  3.308  4.869 1jrgA 153 255
b0306  3515 12  1.1 0.18  0.287  -0.596  2.078  3.005 1pguA 174 309
b0307  3515 12  1.9 0.24  0.525  -0.692  3.013  3.595 2a5zA  59 192
b0308  3515 12  1.2 0.22  0.412  -0.610  2.969  4.189 1aofA 222 337
b0309  3515 12  0.8 0.19  0.231  -0.637  3.953  5.842 1jv2A 301 438
b0310  3515 12  0.9 0.16  0.239  -0.638  3.049  4.405 1xsiA   4 135
b0311  3515 12  0.9 0.20  0.207  -0.623  3.078  4.608 1p2zA  67 224
b0312  3515 12  0.9 0.16  0.218  -0.616  2.268  3.329 1bpoA  62 187
b0313  4083 11  2.4 0.31  1.115  -0.621  4.415  5.315 1uxzA   2 119
b0314  3515 12  0.5 0.13  0.103  -0.623  3.197  4.966 1wxrA 327 440
b0315  3515 12  2.0 0.24  0.711  -0.677  3.600  4.265 1qexA 122 268
b0316  3515 12  1.3 0.21  0.371  -0.588  2.064  2.880 1pguA  24 156
b0317  3515 12  1.2 0.17  0.232  -0.672  2.253  3.008 1h30A   8 132
b0318  3515 12  0.9 0.14  0.190  -0.626  1.820  2.603 1nexB 125 249
b0319  3515 12  0.8 0.14  0.150  -0.599  1.930  2.974 1aofA 164 283
b0320  4083 11  1.0 0.22  0.318  -0.713  6.262  8.333 1o6sA 308 460
b0321  3515 12  1.2 0.23  0.330  -0.612  2.878  4.163 1iraY  20 165
b0322  3515 12  1.2 0.21  0.289  -0.639  2.895  4.075 1l0qA 213 330
b0323  3515 12  0.8 0.11  0.150  -0.689  1.571  2.062 1jofA 147 305
b0324  3515 12  0.8 0.15  0.200  -0.626  2.994  4.462 1nkgA  40 168
b0325  3515 12  1.2 0.21  0.367  -0.635  2.911  4.008 1e1aA  56 181
b0326  3515 12  0.9 0.13  0.209  -0.696  2.282  2.978 1ri6A 151 295
b0327  3515 12  0.6 0.11  0.147  -0.620  2.208  3.324 1hxmA  34 164
b0328  3515 12  1.2 0.29  0.388  -0.654  4.884  6.879 1o6sA  67 312
b0329  3515 12  1.3 0.19  0.420  -0.658  2.571  3.271 2f4lA  58 195
b0330  3515 12  1.0 0.22  0.279  -0.606  3.133  4.709 1rwiB  84 204
b0331  3515 12  0.2 0.10  0.083  -0.707  6.475  9.042 1p9hA  12  91
b0332  4083 11  0.6 0.13  0.155  -0.613  2.796  4.309 1w3aA  46 165
b0333  4083 11  1.5 0.23  0.433  -0.629  3.020  4.112 1ug9A  21 152
b0334  4763 10  1.5 0.21  0.686  -0.628  3.457  4.414 1ttuA 189 348
b0335  3515 12  1.1 0.20  0.248  -0.645  3.370  4.841 1l0qA 201 321
b0336  3515 12  1.0 0.25  0.256  -0.643  4.010  5.843 1l0qA 246 355
b0337  3515 12  0.9 0.16  0.209  -0.589  1.951  2.955 1x8mA  88 226
b0338  3515 12  1.2 0.21  0.280  -0.609  2.557  3.740 1ohfA 210 339
b0339  3515 12  1.2 0.27  0.344  -0.629  3.957  5.746 1a47_ 442 565
b0340  4083 11  1.2 0.20  0.356  -0.682  3.948  5.266 1ciy_ 414 520
b0341  3515 12  0.8 0.21  0.214  -0.610  3.278  5.025 1dbgA 104 227
b0342  3515 12  0.7 0.19  0.166  -0.648  4.237  6.279 1dbgA 104 227
b0343  4083 11  1.8 0.24  0.593  -0.675  3.382  4.132 1iraY  60 200
b0344  3044 13  1.4 0.20  0.325  -0.656  2.231  2.907 1jovA 107 258
b0345  3044 13  1.1 0.22  0.293  -0.584  2.566  3.890 1u6dX 110 243
b0346  3515 12  1.2 0.20  0.289  -0.674  2.663  3.520 1gof_ 112 279
b0347  3044 13  0.9 0.16  0.180  -0.601  1.886  2.840 1cczA  33 167
b0348  3044 13  1.5 0.32  0.467  -0.649  4.253  5.837 1lp3A 185 365
b0349  3044 13  1.8 0.29  0.590  -0.614  2.937  3.822 1clwA 235 376
b0350  3044 13  0.9 0.17  0.303  -0.653  3.425  4.783 1clwA 222 362
b0351  3044 13  1.2 0.27  0.540  -0.669  5.243  7.030 1tdtA 157 257
b0352  3515 12  1.8 0.22  0.577  -0.660  2.650  3.142 1p53A  46 185
b0353  3044 13  1.8 0.32  0.641  -0.626  3.570  4.677 1v0eA 442 599
b0354  3044 13  2.2 0.29  0.716  -0.649  3.418  4.161 2a5zA  41 170
b0355  3515 12  1.7 0.26  0.585  -0.642  3.451  4.462 1xeuA  89 264
b0356  3044 13  1.3 0.26  0.455  -0.605  3.111  4.391 1a39_  86 263
b0357  3044 13  1.2 0.26  0.476  -0.616  3.753  5.317 1vclA 131 259
b0358  3044 13  0.8 0.22  0.205  -0.614  3.202  4.879 1wxrA 334 456
b0359  3044 13  1.1 0.17  0.294  -0.654  2.389  3.205 4aahA 241 415
b0360  3044 13  0.9 0.22  0.295  -0.646  3.886  5.558 1iraY   6 159
b0361  3044 13  1.8 0.26  0.649  -0.618  2.749  3.397 1bpoA  62 196
b0362  4763 10  1.5 0.25  0.516  -0.614  3.249  4.447 1vkdA 141 263
b0363  4083 11  2.3 0.26  0.818  -0.661  3.300  3.755 1cs6A 205 336
b0364  3044 13  1.0 0.15  0.287  -0.668  2.190  2.849 1bglA 200 355
b0365  3044 13  1.3 0.34  0.498  -0.646  4.802  6.659 1v0eA 521 641
b0366  3044 13  0.7 0.12  0.134  -0.615  1.732  2.599 1erjA  51 187
b0367  3515 12  1.1 0.17  0.274  -0.625  2.002  2.762 1dabA 105 214
b0368  3044 13  1.5 0.22  0.488  -0.659  2.785  3.488 2bf6A 238 412
b0369  3044 13  1.6 0.26  0.500  -0.608  2.780  3.750 1xsiA   4 144
b0370  2658 14  1.0 0.19  0.259  -0.613  2.515  3.681 1xsiA 608 749
b0371  3044 13  0.8 0.15  0.178  -0.604  2.237  3.405 2bibA 397 521
b0372  3044 13  2.1 0.38  0.752  -0.639  4.568  5.972 1o6sA 264 460
b0373  2658 14  0.9 0.23  0.233  -0.644  3.622  5.263 1dbgA 179 302
b0374  3044 13  1.5 0.28  0.555  -0.612  3.283  4.459 1jovA 107 258
b0375  3044 13  0.8 0.14  0.178  -0.664  3.028  4.292 1q25A  22 197
b0376  2658 14  1.4 0.23  0.371  -0.668  3.099  4.086 1e1aA  67 233
b0377  2658 14  2.0 0.35  0.669  -0.625  3.572  4.645 1l0qA 225 355
b0378  3044 13  1.2 0.31  0.347  -0.645  4.310  6.148 1ru4A  70 201
b0379  2658 14  1.2 0.19  0.329  -0.608  2.012  2.767 1bpoA  37 187
b0380  2658 14  1.4 0.25  0.587  -0.614  3.228  4.303 1pguA 230 369
b0381  3515 12  1.8 0.29  0.578  -0.630  3.329  4.369 1w63M 208 326
b0382  2658 14  0.9 0.22  0.264  -0.621  3.135  4.627 2fctA 106 283
b0383  2658 14  1.1 0.18  0.284  -0.655  2.515  3.406 1e1aA  56 207
b0384  3044 13  1.9 0.30  0.733  -0.663  4.343  5.441 1cfb_  20 187
b0385  3044 13  1.2 0.17  0.439  -0.677  3.250  4.150 1yifA 258 439
b0386  2658 14  0.9 0.20  0.312  -0.643  3.614  5.132 1v0eA 502 641
b0387  2658 14  0.7 0.20  0.178  -0.654  3.963  5.788 1ogqA 136 307
b0388  2658 14  1.0 0.16  0.240  -0.639  2.075  2.872 1eur_ 139 323
b0389  3044 13  0.7 0.12  0.182  -0.581  1.793  2.771 2b5nA  66 202
b0390  3044 13  2.5 0.30  0.973  -0.594  3.104  3.585 1qexA  84 241
b0391  2658 14  1.3 0.22  0.449  -0.628  2.998  4.061 1ygaA   7 161
b0392  3044 13  0.8 0.24  0.239  -0.652  4.151  5.997 1ivoA  64 278
b0393  2658 14  1.3 0.22  0.307  -0.602  2.015  2.836 1r5mA  17 165
b0394  2658 14  1.4 0.33  0.493  -0.620  4.050  5.733 1dbgA  21 145
b0395  3044 13  1.2 0.20  0.319  -0.615  2.172  3.011 1e1aA 119 275
b0396  3044 13  1.5 0.28  0.540  -0.605  3.237  4.458 1h54A  31 174
b0397  3044 13  1.3 0.25  0.516  -0.625  3.503  4.781 2fx3A 205 338
b0398  2658 14  0.5 0.11  0.112  -0.596  2.295  3.666 2bwrA 194 380
b0399  2658 14  0.7 0.19  0.190  -0.642  3.486  5.132 1ru4A 186 313
c0000  1015  7  0.6 0.07  0.077  -0.732  1.209  1.547 1joa_ 133 220
c0001  2773  7  1.9 0.18  0.402  -0.757  2.560  2.848 1jqdA  76 169
c0002    77  8  5.1 0.40  2.180  -0.464  4.293  4.557 1mg7A 184 320
c0003  1186  6  0.8 0.08  0.072  -0.896  2.328  2.519 2fl4A  26 114
c0004  3432  5  0.6 0.07  0.078  -0.770  2.026  2.530 1e7uA 118 209
c0005 17317  4  0.0 0.00  0.000  -0.694  1.647  2.375 1hib_  40  84
c0006   213  8  0.4 0.06  0.125  -0.645  2.038  2.964 1c47A 192 299
c0007 17317  4  0.0 0.00  0.000  -0.534  2.658  4.982 1qjvA 220 253
c0008  1893  6  0.8 0.09  0.098  -0.854  1.752  1.938 1sqdA  61 150
c0009    38  9  3.1 0.30  1.165  -0.542  3.068  3.513 1obr_  74 252
c0010  3432  5  0.2 0.03  0.015  -0.641  1.702  2.631 2azpA  76 136
c0011   754  6  0.5 0.08  0.062  -0.604  2.692  4.353 1jy1A 131 221
c0012  1015  7  1.0 0.11  0.168  -0.756  2.284  2.797 2b5eA 325 437
c0013   369  7  1.7 0.20  0.364  -0.688  2.401  2.960 1nrkA 160 286
c0014  1742  6  0.5 0.06  0.102  -0.720  1.912  2.516 1zc6A  16 103
c0015    64  9  2.8 0.34  1.045  -0.573  4.960  6.833 2feaA  46 169
c0016   734  6  1.5 0.15  0.308  -0.723  2.554  3.107 1rypN  33 121
c0017 17317  4  0.0 0.00  0.000  -0.600  1.757  2.927 1wruA  10  58
c0018   140  8  3.0 0.25  0.886  -0.592  3.683  4.723 1qzzA 205 324
c0019 17317  4  0.0 0.00  0.000  -0.652  2.133  3.270 1qlaA 179 216
c0020 17317  4  0.0 0.00  0.000  -0.697  2.191  3.143 1zi7A 130 170
c0021   279  7  1.3 0.18  0.234  -0.537  2.845  4.857 1lw3A  99 213
c0022 17317  4  0.0 0.00  0.000  -0.778  1.673  2.151 1z78A  74 118
c0023  3432  5  0.6 0.06  0.052  -0.876  2.108  2.349 1cjxA 153 217
c0024  3092  5  0.6 0.11  0.087  -0.570  2.854  4.853 1pfzA 180 244
c0025  1545  6  0.5 0.07  0.081  -0.748  2.833  3.677 1wdeA 163 246
c0026  1742  6  1.0 0.10  0.143  -0.842  2.385  2.663 1ne2A  87 157
c0027   213  8  1.8 0.25  0.513  -0.571  3.134  4.588 1q16A 1026 1153
c0028  1893  6  1.0 0.11  0.105  -0.821  1.550  1.760 1vpaA  71 144
c0029    34 10  2.5 0.31  0.967  -0.599  3.395  4.057 1ew2A  76 249
c0030   191  8  1.4 0.16  0.283  -0.705  2.382  2.979 1g6oA 224 324
c0031  3133  5  0.4 0.05  0.038  -0.756  1.877  2.431 1st0B  22  81
c0032  1545  6  0.7 0.07  0.083  -0.845  2.675  3.066 1gjvA 154 239
c0033  1186  6  0.7 0.07  0.089  -0.826  2.018  2.336 1euvA  74 171
c0034  3133  5  0.6 0.08  0.067  -0.666  2.157  3.139 1i09A  44 104
c0035  1893  6  1.7 0.16  0.421  -0.793  2.736  2.919 1ow1A  50 134
c0036    56  9  2.1 0.26  0.638  -0.596  3.743  5.210 1qu2A 477 587
c0037 17317  4  0.8 0.08  0.064  -0.877  2.695  2.999 1cjcA 265 318
c0038   369  7  1.3 0.14  0.233  -0.665  2.546  3.480 1ush_ 281 386
c0039  3092  5  0.2 0.05  0.029  -0.598  3.369  5.587 1yduA  55 106
c0040 17317  4  0.0 0.00  0.000  -0.538  1.884  3.500 1x4xA  17  60
c0041 17317  4  0.0 0.00  0.000  -0.521  2.226  4.271 1a0rB 293 331
c0042   988  6  1.5 0.16  0.353  -0.691  2.609  3.265 1m4jA   5  84
c0043 17317  4  0.0 0.00  0.000  -0.845  1.942  2.299 1z78A  60 109
c0044  3432  5  0.8 0.09  0.103  -0.801  2.143  2.546 1a4eA  22 121
c0045   693  7  1.4 0.14  0.290  -0.763  1.894  2.101 1um9A 145 251
c0046  1893  6  0.8 0.10  0.108  -0.758  1.590  1.955 1mo9A 215 284
c0047  3133  5  0.4 0.04  0.047  -0.819  1.880  2.238 1mruA  21  93
c0048   727  7  1.9 0.17  0.502  -0.721  2.888  3.307 2g8yA  51 144
c0049   451  7  1.6 0.18  0.401  -0.608  2.318  3.150 1yvuA 430 514
c0050   108  8  2.4 0.22  0.846  -0.616  2.453  2.608 1ye9A  86 223
c0051   610  7  1.0 0.10  0.197  -0.800  2.348  2.690 2fpnA  33 137
c0052 17317  4  0.0 0.00  0.000  -0.863  2.517  2.917 1fi2A  73 126
c0053   771  7  1.0 0.15  0.168  -0.674  1.829  2.465 1a6r_ 251 332
c0054   559  7  1.9 0.18  0.449  -0.716  3.113  3.723 1tiiD   4  99
c0055   105  9  1.8 0.20  0.493  -0.550  2.005  2.750 2g84A  49 164
c0056  1893  6  2.2 0.24  0.590  -0.747  3.402  3.765 1xjvA 196 259
c0057    36  9  3.7 0.33  1.660  -0.423  3.463  4.265 1ysqA   2 133
c0058   524  8  1.5 0.14  0.366  -0.795  2.930  3.224 2bmjA   6 115
c0059   764  8  0.9 0.13  0.135  -0.698  1.566  2.050 1i1qB  26 129
c0060    60  9  3.1 0.34  1.040  -0.603  4.050  4.987 1hk8A   5 106
c0061   943  7  0.7 0.08  0.089  -0.835  1.829  2.085 1m2vB 363 458
c0062   524  8  1.0 0.11  0.223  -0.747  1.756  2.050 1rjdA 121 234
c0063   154  8  2.4 0.24  0.633  -0.518  3.396  5.335 1mu5A  19 154
c0064   524  8  1.1 0.14  0.196  -0.645  2.313  3.281 1zcjA  61 174
c0065  3432  5  3.2 0.25  1.022  -0.768  4.860  4.995 1ndoB  83 166
c0066   430  9  1.9 0.21  0.573  -0.640  2.278  2.667 1xdzA 104 219
c0067   943  7  1.9 0.14  0.470  -0.847  3.719  3.836 1bzyA  28 135
c0068    34  9  2.3 0.25  0.698  -0.680  2.705  2.950 1x9yA 173 310
c0069   256  8  3.1 0.28  1.036  -0.677  3.586  3.767 1av6A  71 185
c0070  1742  6  3.0 0.24  0.825  -0.721  3.561  3.797 1amp_  77 179
c0071   295  7  4.0 0.32  1.593  -0.532  4.082  4.679 1bllE 195 304
c0072    23 10  1.9 0.23  0.620  -0.644  1.972  2.100 2cy7A 102 241
c0073   617  7  2.4 0.21  0.738  -0.746  3.414  3.585 1g5hA 111 217
c0074 13039  5  1.4 0.11  0.221  -0.909  4.162  4.338 1e54A 148 232
c0075   308  7  1.9 0.18  0.560  -0.522  4.573  7.695 1iq6A  18 132
c0076   905  7  1.3 0.16  0.331  -0.698  2.255  2.756 1vchA  77 153
c0077   617  7  2.0 0.19  0.387  -0.803  2.871  3.095 1u8sA   4 101
c0078    76  9  1.6 0.17  0.423  -0.692  2.358  2.796 1nrkA 125 256
c0079   771  7  0.4 0.07  0.071  -0.673  1.803  2.571 2pia_ 194 288
c0080  2008  6  0.5 0.09  0.085  -0.644  2.434  3.649 1acmB  47 133
c0081    17 10  2.5 0.31  1.180  -0.531  3.100  3.616 1fwkA  59 193
c0082 17317  4  1.5 0.11  0.251  -0.929  4.987  5.099 1xezA 332 398
c0083   144  8  2.1 0.23  0.651  -0.557  3.717  5.505 1zb6A 169 290
c0084  1820  6  1.2 0.13  0.182  -0.769  2.629  3.182 1m7xA 454 541
c0085 17317  4  0.2 0.03  0.018  -0.866  2.298  2.633 1o75A 296 354
c0086  1889  6  1.5 0.15  0.356  -0.795  2.992  3.318 1zwxA  93 186
c0087   689  7  0.7 0.09  0.126  -0.769  2.202  2.700 1d0nA 181 295
c0088     7 11  2.3 0.28  0.721  -0.621  2.342  2.608 1fwkA 167 290
c0089  2008  6  1.5 0.13  0.233  -0.897  3.747  3.919 1uliB  69 165
c0090   146  8  1.5 0.20  0.425  -0.752  3.301  3.824 1c05A  41 137
c0091   410  7  1.6 0.18  0.387  -0.575  2.484  3.649 1vzyA   3  91
c0092   764  8  1.6 0.17  0.481  -0.703  1.949  2.089 1xc3A  24 141
c0093   559  7  0.9 0.13  0.131  -0.717  1.842  2.386 2fgtA 142 222
c0094   686  7  1.3 0.13  0.233  -0.817  2.436  2.696 1mhmA 160 254
c0095   629  7  1.1 0.15  0.201  -0.698  1.968  2.531 1qrrA 252 324
c0096     4 11  3.8 0.48  1.927  -0.401  3.350  3.554 1rqgA 196 342
c0097  2008  6  0.7 0.06  0.062  -0.909  2.726  2.931 2fpnA  16 101
c0098 13039  5  0.2 0.04  0.025  -0.538  2.092  3.838 1a8d_ 275 318
c0099   295  7  3.9 0.30  1.379  -0.582  6.180  8.254 1qdlB  61 155
c0100   451  7  1.0 0.12  0.161  -0.578  3.029  4.965 1mu5A  60 169
c0101   136  8  1.1 0.17  0.242  -0.346  3.246  8.683 2cxcA  20 105
c0102  1820  6  0.5 0.07  0.076  -0.638  2.147  3.248 1wao1 380 450
c0103   617  7  1.1 0.11  0.192  -0.859  2.560  2.758 1vdxA   2  97
c0104   943  7  3.9 0.33  1.359  -0.665  4.524  4.758 1jmsA 180 289
c0105  1820  6  1.7 0.16  0.294  -0.773  2.839  3.294 1vh4A 114 198
c0106   249  7  1.0 0.11  0.225  -0.525  3.256  5.773 1yk3A  34 126
c0107  1889  6  0.2 0.03  0.021  -0.649  2.040  3.112 2aj2A  14  84
c0108   128  9  1.8 0.21  0.476  -0.685  3.430  4.313 1bgaA 260 399
c0109   128  8  2.1 0.25  0.690  -0.556  3.333  4.758 2evrA  53 170
c0110  2008  6  0.5 0.07  0.051  -0.724  1.714  2.298 1ogsA 410 476
c0111   559  7  0.9 0.13  0.200  -0.635  2.074  2.949 1s7jA 163 242
c0112    42  9  2.3 0.27  0.822  -0.606  3.332  4.144 1vraB  92 189
c0113    26 10  3.2 0.33  1.395  -0.581  4.065  4.595 1qj4A  73 204
c0114    81  9  1.8 0.21  0.547  -0.599  2.804  3.771 1aco_ 362 489
c0115   686  7  0.7 0.11  0.112  -0.718  1.765  2.303 1cz3A  59 129
c0116   125  9  1.7 0.21  0.635  -0.547  1.664  1.883 1vq2A  33 133
c0117   293  9  0.8 0.10  0.202  -0.543  1.764  2.878 2mdhA  16 150
c0118   943  7  0.6 0.08  0.135  -0.709  1.486  1.905 2b5eA 122 196
c0119 13039  5  0.4 0.06  0.047  -0.599  1.860  3.028 1bqsA  21  78
c0120   610  7  1.1 0.13  0.293  -0.732  1.997  2.330 1ycdA 109 214
c0121   524  8  2.4 0.22  0.829  -0.659  3.230  3.642 2frnA 120 234
c0122  1800  6  0.5 0.08  0.072  -0.637  2.116  3.209 2azpA  62 136
c0123    21 10  1.7 0.24  0.580  -0.597  2.825  3.760 1x6vB 140 277
c0124   686  7  1.0 0.12  0.205  -0.777  1.645  1.854 1sqdA  51 150
c0125  1742  6  1.5 0.16  0.324  -0.731  3.404  4.214 2bzgA 112 207
c0126   244  8  1.2 0.16  0.268  -0.663  1.852  2.389 1mjgM 236 356
c0127  5948  5  2.8 0.24  0.937  -0.711  3.735  3.934 1qmhA  83 155
c0128  1876  6  0.7 0.09  0.093  -0.682  1.696  2.353 1rwzA  96 168
c0129    60  9  1.9 0.30  0.637  -0.515  3.408  5.379 1b47A 192 296
c0130  1889  6  1.5 0.16  0.289  -0.757  3.198  3.845 1g84A  25  94
c0131 17317  4  0.5 0.05  0.039  -0.876  2.581  2.903 1ju3A 469 557
c0132   689  7  0.7 0.09  0.105  -0.714  1.846  2.440 1qfcA 148 251
c0133   771  7  1.6 0.19  0.373  -0.730  2.955  3.535 1cjxA   7  83
c0134    97  9  2.4 0.23  0.718  -0.676  3.475  4.077 1a0gA  40 173
c0135  1820  6  1.0 0.11  0.156  -0.735  2.167  2.738 1q8iA 109 182
c0136   943  7  2.1 0.19  0.413  -0.838  3.218  3.346 1bhjA 130 244
c0137    83  9  3.2 0.30  1.236  -0.546  3.202  3.601 2anuA   2 136
c0138   610  7  1.7 0.17  0.368  -0.760  2.141  2.332 2bqzA   4  88
c0139   492  8  1.6 0.19  0.401  -0.678  1.751  1.990 1vpaA  71 166
c0140   153  8  3.5 0.32  1.442  -0.507  3.303  3.668 1t4hA  36 158
c0141   130  8  2.4 0.21  0.679  -0.728  3.365  3.688 2anuA  21 136
c0142   451  7  2.4 0.26  0.736  -0.616  3.276  4.125 1bvzA 449 546
c0143   337  8  2.1 0.24  0.511  -0.693  2.226  2.476 1sqdA 167 264
c0144    91  9  3.3 0.33  1.199  -0.519  3.434  4.302 1oygA 173 318
c0145   185 10  1.9 0.22  0.551  -0.588  1.884  2.267 1t3tA 464 592
c0146    39 10  2.5 0.27  0.903  -0.598  3.108  3.684 1rm6A 294 460
c0147   492  8  1.9 0.17  0.400  -0.833  2.989  3.109 2bo9B  86 216
c0148   396  8  1.8 0.16  0.865  -0.685  3.039  3.174 1kjzA 146 269
c0149   183  9  2.0 0.21  0.609  -0.750  3.308  3.601 1jsxA  79 192
c0150   153  8  1.9 0.22  0.665  -0.520  2.198  2.948 1u3eM  49 137
c0151    27 11  2.6 0.28  0.813  -0.544  2.041  2.257 1g6q1  10 155
c0152   404  8  1.9 0.21  0.475  -0.719  2.493  2.806 1o57A 132 231
c0153   308  8  3.4 0.28  0.938  -0.725  4.001  4.223 1bob_  92 210
c0154   136  9  0.8 0.11  0.105  -0.704  1.805  2.415 2d81A  68 212
c0155   344  9  1.4 0.16  0.335  -0.754  2.558  2.949 2fpoA  62 176
c0156   125  9  2.0 0.23  0.887  -0.588  2.441  2.643 1dg3A   6 117
c0157   136  9  3.2 0.31  1.252  -0.638  4.118  4.496 1k8hA  14 127
c0158   262  9  3.2 0.28  1.005  -0.667  3.240  3.350 1qmhA  83 225
c0159    12 11  2.0 0.28  0.749  -0.679  2.821  3.052 1yleA 161 285
c0160   275  8  1.6 0.16  0.372  -0.773  2.766  3.096 1w62A  41 171
c0161    11 11  3.0 0.34  1.441  -0.430  2.614  2.726 1v72A 170 326
c0162    71  9  2.7 0.28  0.863  -0.617  3.048  3.541 1ye9A  57 223
c0163   177  8  3.6 0.31  1.325  -0.628  6.091  7.587 1fw9A   3 148
c0164    46 11  2.5 0.28  0.883  -0.422  2.403  3.600 1fsz_ 131 317
c0165 13039  5  0.8 0.08  0.077  -0.885  2.647  2.902 1djgA 440 514
c0166   140  9  2.4 0.27  0.846  -0.660  3.165  3.511 1hdoA  86 204
c0167  1125  7  1.1 0.13  0.295  -0.746  2.662  3.176 1hd8A 168 252
c0168    80  9  1.9 0.21  0.490  -0.599  2.326  3.066 1cia_  27 146
c0169   396  8  1.2 0.16  0.282  -0.670  1.834  2.314 1ww1A  57 163
c0170   404  8  2.2 0.21  0.514  -0.773  2.880  3.061 2fpnA  16 137
c0171    99  9  3.2 0.34  1.308  -0.529  3.110  3.405 1nrkA 160 320
c0172    78  9  2.8 0.29  1.048  -0.573  2.927  3.277 1q9jA  36 188
c0173   381  8  1.1 0.12  0.265  -0.791  1.924  2.099 1wk4A  59 170
c0174    21 10  1.3 0.20  0.372  -0.726  2.479  2.904 1ao0A  93 206
c0175    47 10  1.4 0.16  0.310  -0.758  2.226  2.528 1eg7A 383 521
c0176    24 10  1.4 0.16  0.354  -0.464  6.697 13.683 1dpgA 207 376
c0177    52 10  1.7 0.22  0.602  -0.575  2.098  2.602 1f61A 236 348
c0178   123 10  1.7 0.18  0.398  -0.689  1.846  2.102 1bgw_  32 185
c0179    86  9  2.4 0.28  0.758  -0.610  2.487  2.833 1vzyA  14 135
c0180 10278  6  0.3 0.05  0.067  -0.667  2.113  3.070 1r6vA 573 640
c0181   127  8  1.5 0.15  0.266  -0.571  3.244  5.213 1zhhB  32 143
c0182    91  9  1.4 0.18  0.334  -0.451  2.349  4.472 1uqwA  62 199
c0183   239  8  1.5 0.20  0.386  -0.644  2.862  3.845 1iwlA  52 128
c0184    48 10  2.1 0.23  0.558  -0.615  2.409  3.010 1t4gA 166 295
c0185  1146  7  1.4 0.16  0.415  -0.716  2.839  3.383 1bdyA  44 124
c0186   183  9  2.4 0.22  0.610  -0.747  2.777  2.900 1ne2A  65 175
c0187   127  9  1.3 0.17  0.479  -0.687  2.787  3.358 1f3uA   9 117
c0188    82  9  2.2 0.20  0.572  -0.654  3.154  3.946 1xmxA 227 340
c0189   165  9  2.3 0.21  0.927  -0.638  2.769  2.889 1vdxA  29 170
c0190   486  7  2.1 0.20  0.576  -0.681  3.525  4.328 1yleA  14 132
c0191   183  9  1.8 0.22  0.492  -0.687  2.088  2.325 1iv8A  52 158
c0192     9 11  3.1 0.34  1.486  -0.383  2.538  2.744 1vzyA  84 235
c0193   140  8  2.5 0.24  0.996  -0.639  3.562  4.019 1nkvA  66 185
c0194  1800  6  6.8 0.39  3.163  -0.660  9.526  9.646 1rh1A  99 196
c0195   370  8  2.0 0.21  0.563  -0.720  2.599  2.829 1a69A  15 113
c0196   237  9  3.0 0.28  1.043  -0.616  3.103  3.347 1a2oA 116 250
c0197   196  8  3.1 0.33  1.411  -0.538  3.457  3.803 1vlmA  92 207
c0198   262  9  1.8 0.21  0.542  -0.634  2.272  2.727 1ogsA 307 440
c0199   136  9  2.8 0.25  1.144  -0.589  3.060  3.253 1qmhA  95 241
c0200    43  9  2.7 0.28  0.849  -0.595  2.553  2.864 1k92A 234 365
c0201    93  9  2.7 0.29  0.975  -0.576  2.778  3.130 1c0aA  34 181
c0202   303  8  1.0 0.16  0.247  -0.688  2.364  3.078 1vk4A  33 143
c0203    38 10  2.2 0.25  0.560  -0.685  2.511  2.849 1bdhA 140 291
c0204   492  8  3.1 0.23  1.054  -0.755  4.643  4.753 2bo9B  86 216
c0205   118  9  2.0 0.23  0.773  -0.611  3.327  4.180 1fugA  64 243
c0206    91  9  2.0 0.21  0.699  -0.567  2.456  3.097 1jmkC  73 195
c0207    52 10  3.4 0.30  1.301  -0.528  3.235  3.663 2c5sA 143 282
c0208   486  7  2.3 0.22  0.567  -0.706  2.854  3.241 1nexB  59 152
c0209   168  9  1.9 0.22  0.645  -0.654  2.546  2.907 1fviA  63 184
c0210  1302  9  2.7 0.24  0.933  -0.671  3.114  3.251 1ea0A   2 136
c0211   396  8  1.6 0.20  0.459  -0.631  2.109  2.615 1byfA  13 123
c0212   335 10  1.6 0.20  0.441  -0.638  1.827  2.172 1c2tA  29 157
c0213   189  9  1.6 0.21  0.436  -0.709  2.307  2.638 1zatA  35 117
c0214    60 12  1.5 0.19  0.400  -0.622  1.325  1.489 1js1X  13 174
c0215    71 10  0.9 0.15  0.186  -0.718  2.877  3.750 1juvA  48 152
c0216   138 10  1.1 0.19  0.265  -0.732  1.943  2.293 2az4A   3 153
c0217    14 11  2.6 0.31  1.078  -0.494  2.219  2.312 1gkuB 407 534
c0218    94 10  1.7 0.24  0.741  -0.582  2.290  2.662 1h1cA  74 213
c0219    56 10  1.3 0.20  0.308  -0.664  2.137  2.754 1aorA  17 135
c0220    42 11  1.9 0.25  0.628  -0.511  1.665  2.029 1a2oA 167 306
c0221    99  9  2.4 0.26  0.682  -0.654  2.522  2.813 1tjeA 101 224
c0222    38 10  1.9 0.25  0.647  -0.627  2.237  2.536 1q32A 175 341
c0223    23 11  1.9 0.26  0.689  -0.600  2.493  3.006 1v2xA   8 143
c0224   102 10  2.0 0.30  0.626  -0.619  2.236  2.601 1okjA  90 186
c0225    52 10  3.4 0.33  1.215  -0.545  3.005  3.287 1m14A  45 168
c0226    72 10  1.4 0.19  0.336  -0.694  2.951  3.768 1d0nA 102 253
c0227   250  9  4.1 0.34  1.652  -0.610  4.676  4.954 1fohA 113 259
c0228    66 11  1.4 0.20  0.385  -0.640  1.628  1.944 1zpdA  93 262
c0229     2 12  2.2 0.29  1.079  -0.121  1.228  1.233 1cjyA 405 570
c0230  1192  7  2.1 0.23  0.528  -0.710  3.421  4.072 1ji1A 500 611
c0231   101 11  1.5 0.18  0.457  -0.595  1.282  1.387 1bx4A  56 195
c0232    63 11  1.2 0.16  0.343  -0.702  1.854  2.154 1dl5A  61 204
c0233    10 11  2.5 0.31  1.010  -0.522  2.434  2.729 1gaxA 415 568
c0234    80  9  2.1 0.27  0.722  -0.573  2.292  2.743 1f89A  45 150
c0235    64 10  3.6 0.34  1.407  -0.531  3.365  3.683 2fhqA   4 128
c0236    71 10  3.3 0.33  1.475  -0.542  3.740  4.179 1ha1_   7 126
c0237    52 10  2.1 0.31  0.703  -0.639  2.642  3.032 1ck7A 344 469
c0238    39 10  3.3 0.31  1.111  -0.608  3.200  3.434 1chuA  66 198
c0239    68 10  3.8 0.36  1.586  -0.519  3.404  3.502 1e3hA 370 525
c0240    21 11  2.3 0.27  0.642  -0.552  2.429  3.235 13pkA 232 372
c0241    42 11  1.9 0.20  0.667  -0.660  2.392  2.612 1y0bA  34 184
c0242   136 10  1.9 0.22  0.676  -0.603  2.051  2.278 1j9jA  53 193
c0243    46 10  1.9 0.23  0.553  -0.599  2.023  2.456 2c1lA  66 206
c0244    15 11  2.5 0.36  1.216  -0.505  2.755  3.048 1jvnA  56 189
c0245    98 11  1.2 0.17  0.433  -0.660  2.170  2.630 2bihA  41 170
c0246    35 10  2.4 0.30  1.006  -0.574  2.770  3.073 1ao0A  66 190
c0247    42 10  0.8 0.09  0.153  -0.875  2.189  2.327 1p35A 110 273
c0248    52 10  1.8 0.21  0.463  -0.562  1.935  2.621 1b90A 364 488
c0249    50 10  2.2 0.25  0.805  -0.543  1.956  2.122 1a2b_   2 157
c0250    52 10  3.8 0.43  1.763  -0.512  4.047  4.460 1xr4A 394 507
c0251   141  9  3.3 0.28  1.121  -0.566  3.357  3.951 1gcuA  92 207
c0252    30 10  1.4 0.19  0.373  -0.604  3.128  4.564 1e5uI  58 176
c0253     3 12  2.5 0.33  1.051  -0.601  4.004  4.916 1ay0A 502 631
c0254    64 10  2.1 0.23  0.610  -0.644  2.019  2.191 1o70A 175 287
c0255    94 10  1.8 0.22  0.540  -0.645  1.928  2.153 2ahuA  27 176
c0256    80 10  1.9 0.25  0.591  -0.624  2.231  2.629 1rxxA 111 237
c0257    16 12  2.8 0.42  1.296  -0.534  5.326  7.542 1amuA 123 260
c0258    12 11  1.7 0.22  0.469  -0.530  1.877  2.656 1jvnA 146 289
c0259   166  9  2.1 0.23  0.844  -0.622  2.753  3.068 1g0dA 442 565
c0260    50 10  2.2 0.27  0.760  -0.566  2.405  2.908 2c1lA  94 232
c0261    22 11  1.6 0.20  0.424  -0.719  2.537  2.941 1ei6A 194 322
c0262    64 10  1.2 0.20  0.291  -0.611  2.424  3.491 1bag_ 268 407
c0263   274 10  1.6 0.20  0.376  -0.718  2.081  2.374 1eyyA 126 251
c0264   205  9  3.1 0.30  1.054  -0.631  3.053  3.168 1sdjA 174 305
c0265    64 10  1.3 0.16  0.270  -0.686  2.034  2.571 1y08A 103 277
c0266    73 12  2.0 0.25  0.568  -0.642  1.851  1.999 1hv8A 178 312
c0267    86  9  2.0 0.24  0.671  -0.569  2.020  2.372 1ztuA 115 225
c0268    32 10  4.9 0.42  2.323  -0.494  5.638  6.714 2a15A   4 134
c0269    69 10  2.8 0.27  1.127  -0.489  2.317  2.431 2bvgA 240 376
c0270    34 11  1.8 0.22  0.454  -0.655  1.736  1.957 1qfjA  60 196
c0271    61 11  2.8 0.29  1.000  -0.606  2.729  2.854 1h4qA 223 363
c0272    48 10  1.6 0.21  0.517  -0.653  1.961  2.212 1el5A  84 181
c0273    71 10  2.5 0.33  0.940  -0.546  2.804  3.411 1juvA  48 152
c0274    34 10  2.5 0.36  1.000  -0.503  3.023  4.024 1xtoA 124 270
c0275    16 11  2.3 0.28  0.774  -0.641  2.574  2.811 1k92A 191 365
c0276   250  9  2.3 0.27  0.673  -0.640  2.348  2.616 1o63A   2  94
c0277    37 11  3.0 0.33  1.103  -0.577  2.980  3.254 1ej6A 479 644
c0278   158  9  1.8 0.21  0.467  -0.503  2.803  4.647 1a18_   6  99
c0279    30 10  2.5 0.28  1.202  -0.555  3.557  4.239 1bo1A 146 297
c0280   127 11  4.5 0.43  2.107  -0.472  4.823  5.754 1ds9A   7 128
c0281   156  9  1.3 0.17  0.306  -0.693  2.398  3.019 1i7fA  60 173
c0282   136 10  1.9 0.26  0.530  -0.623  1.836  2.095 1dar_  41 162
c0283    29 11  2.2 0.27  0.704  -0.562  2.958  4.014 1xt9A  14 150
c0284    94 10  2.7 0.28  1.002  -0.617  2.876  3.039 1gs5A   5 129
c0285   111 10  3.0 0.30  1.040  -0.626  3.007  3.140 1ecxA 115 300
c0286   170  9  1.0 0.16  0.276  -0.671  1.868  2.371 2fn0A  35 128
c0287    75 10  2.6 0.29  0.769  -0.604  2.382  2.670 1i1qA 198 321
c0288    80 10  1.4 0.16  0.316  -0.729  2.091  2.434 1vrqA 632 764
c0289    68  9  4.6 0.37  2.133  -0.461  4.657  5.478 1b62A 142 260
c0290    37 11  1.8 0.27  0.575  -0.617  2.062  2.410 1gky_  14 123
c0291   138 10  2.5 0.26  0.727  -0.690  2.598  2.710 1okjA   3 132
c0292     3 11  3.1 0.37  1.433  -0.400  2.593  2.900 1fcbA  80 230
c0293   173  9  1.7 0.23  0.599  -0.628  2.664  3.291 1bbt3  90 194
c0294    13 12  2.2 0.29  0.758  -0.607  2.445  2.779 2b0jA  72 218
c0295   404  8  1.9 0.21  0.569  -0.673  2.216  2.445 1y0bA  55 160
c0296    20 12  2.4 0.33  1.056  -0.484  2.193  2.350 1fggA  15 149
c0297    19 13  2.7 0.30  0.875  -0.625  2.467  2.549 1nw4A  45 205
c0298    26 11  2.2 0.29  0.756  -0.550  2.889  3.881 2gk4A   3 140
c0299    18 13  2.0 0.27  0.568  -0.527  1.537  1.838 1a2oA 167 330
c0300    72  9  4.2 0.38  1.990  -0.386  3.842  4.798 2fuvA 384 485
c0301    95 10  2.8 0.31  0.985  -0.580  2.684  2.927 1c0aA 158 296
c0302    28 12  1.9 0.24  0.500  -0.700  2.084  2.264 1ni9A  31 203
c0303    16 12  2.3 0.30  0.848  -0.638  3.234  3.742 1qrrA 159 324
c0304    10 12  2.5 0.39  1.014  -0.393  3.025  5.116 1ozpA  46 215
c0305    85 10  4.0 0.37  2.026  -0.453  3.863  4.056 2fn0A  96 222
c0306    16 12  2.1 0.22  0.654  -0.692  2.438  2.579 2fsqA  35 232
c0307    38 12  2.9 0.36  1.162  -0.400  2.013  2.126 1rm6A  44 195
c0308    18 11  2.5 0.36  1.139  -0.537  4.659  6.548 1a5kC 396 537
c0309    28 12  2.4 0.36  0.857  -0.568  2.315  2.566 1nytA  87 237
c0310    48 13  1.8 0.24  0.488  -0.682  2.290  2.644 1jaxA  53 182
c0311    52 10  1.8 0.20  0.485  -0.709  2.890  3.390 1ftrA  30 157
c0312    91 10  1.5 0.23  0.482  -0.573  2.067  2.767 1n0uA 433 560
c0313    45 11  2.9 0.31  1.401  -0.586  3.593  3.738 1xp3A  30 181
c0314    11 12  2.8 0.31  1.171  -0.393  1.962  2.016 1d0eA  49 213
c0315    50 11  1.5 0.19  0.408  -0.682  1.996  2.328 1o57A  67 202
c0316    16 12  2.1 0.28  0.768  -0.506  1.794  2.027 2c1lA  37 206
c0317    22 11  2.1 0.25  0.801  -0.551  2.256  2.642 2c1lA  54 206
c0318    21 11  2.7 0.31  1.065  -0.479  2.412  2.816 1h2hA  74 210
c0319     8 12  3.0 0.38  1.417  -0.498  2.970  3.120 1zy9A 186 293
c0320    17 12  2.2 0.27  0.719  -0.480  1.887  2.433 1o94C  68 233
c0321     4 12  2.4 0.30  1.107  -0.529  2.788  3.178 1ctn_  72 293
c0322    81 10  4.0 0.35  2.084  -0.501  4.431  4.682 1fohA  94 259
c0323     7 12  2.2 0.31  0.809  -0.352  1.264  1.294 1y0zA 186 312
c0324    13 12  2.2 0.30  0.769  -0.428  1.658  2.077 1zy9A 230 370
c0325    13 12  2.5 0.33  1.094  -0.273  1.530  1.597 1bc2A  10 134
c0326   101 11  1.9 0.22  0.631  -0.626  2.149  2.425 1k6iA  40 190
c0327    43 12  1.6 0.21  0.463  -0.581  1.696  2.124 1t3tA 419 592
c0328    13 12  3.1 0.35  1.187  -0.428  2.412  2.865 1t8rA 217 384
c0329    61 11  2.4 0.27  0.808  -0.631  2.854  3.242 1al3_  44 190
c0330    21 12  3.4 0.39  1.384  -0.464  2.947  3.372 1ikpA 360 551
c0331    46 11  2.3 0.28  0.780  -0.528  2.155  2.604 1y44A  56 195
c0332    90  9  3.0 0.30  0.960  -0.439  6.200 11.930 1siqA  74 195
c0333    10 11  2.2 0.27  0.977  -0.636  3.194  3.486 1wxqA 188 345
c0334    94 10  1.8 0.20  0.496  -0.726  2.241  2.402 1yb2A  92 231
c0335    18 11  2.5 0.24  0.983  -0.565  2.481  2.653 2gfgA  16 157
c0336    23 11  2.5 0.29  0.921  -0.611  2.650  2.831 1st0B  39 167
c0337    38 11  2.3 0.27  0.823  -0.535  2.174  2.525 1k0eA 265 413
c0338    67 10  2.2 0.27  0.660  -0.624  2.056  2.239 1i19A  41 191
c0339     1 14  3.2 0.42  2.168   0.000  2.168  2.163 1dfaA  80 320
c0340     3 14  2.5 0.39  1.382  -0.389  2.368  2.536 1wd7A   3 155
c0341   153  9  3.9 0.36  1.729  -0.572  4.449  4.756 1y0bA  64 184
c0342    94 10  2.8 0.29  1.127  -0.560  2.787  2.961 2fskA  54 191
c0343   134 10  1.6 0.26  0.571  -0.570  1.959  2.436 1w97L  27 153
c0344     9 12  2.5 0.38  1.073  -0.621  3.886  4.528 1m1cA 345 527
c0345     7 12  2.5 0.33  1.137  -0.479  2.476  2.799 1kqfA  25 159
c0346     4 13  2.9 0.35  1.155  -0.310  1.692  1.730 1q32A 184 392
c0347     2 13  2.6 0.38  1.804  -0.421  3.361  3.695 1nbwA 392 558
c0348     7 12  1.9 0.29  0.949  -0.526  2.124  2.233 1fsu_   5 158
c0349     6 13  2.3 0.36  1.101  -0.758  5.754  6.139 1fgxA  82 269
c0350     0 13 99.0 1.00 99.000  99.000  0.000  0.000 xxxxx   0   0
c0351     2 13  3.2 0.43  2.080  -0.217  2.672  2.729 1qs1A 129 331
c0352     7 14  1.5 0.24  0.505  -0.671  1.910  2.093 1xtoA   2 199
c0353     4 13  2.2 0.29  0.810  -0.504  1.715  1.793 1q7rA  54 174
c0354     1 14  3.1 0.48  2.711   0.000  2.711  2.704 1ogsA   6 233
c0355    10 12  1.8 0.24  0.550  -0.547  3.938  6.199 1urjA  11 175
c0356     3 14  2.4 0.37  1.052  -0.254  1.421  1.449 1zt2A 102 263
c0357    26 12  2.0 0.31  0.628  -0.601  2.023  2.323 2fniA  49 197
c0358     0 15 99.0 1.00 99.000  99.000  0.000  0.000 xxxxx   0   0
c0359    11 13  2.2 0.30  0.761  -0.567  1.932  2.068 1z90A 221 375
c0360    15 12  3.3 0.38  2.139  -0.408  3.933  4.397 1djnA 514 643
c0361     7 13  2.4 0.29  0.900  -0.332  1.364  1.395 1h2kA 104 271
c0362     4 13  1.8 0.24  0.660  -0.530  1.615  1.802 2gd9A  41 149
c0363    11 13  2.0 0.29  0.738  -0.494  1.827  2.204 1kzyC  19 184
c0364     3 13  3.1 0.42  1.360  -0.273  1.885  1.925 1v8cA   2 116
c0365     0 14 99.0 1.00 99.000  99.000  0.000  0.000 xxxxx   0   0
c0366    40 11  2.7 0.29  1.117  -0.523  2.612  2.856 1zhhB  73 208
c0367     4 13  2.0 0.30  0.798  -0.556  2.037  2.228 1z2nX   2 150
c0368     3 13  2.1 0.34  0.759  -0.452  1.631  1.928 1jajA  39 151
c0369     0 14 99.0 1.00 99.000  99.000  0.000  0.000 xxxxx   0   0
c0370     7 13  2.4 0.31  0.824  -0.500  1.821  1.995 1auk_  44 264
c0371     1 14  3.0 0.40  2.309   0.000  2.309  2.303 1g291 142 291
c0372    14 12  2.5 0.33  1.076  -0.505  2.315  2.454 1sr4B  98 258
c0373    41 12  2.8 0.31  1.276  -0.499  2.678  2.808 2b5eA  63 196
c0374     2 14  2.8 0.41  1.430  -0.444  2.824  3.143 1kwgA 331 544
c0375    11 13  2.2 0.31  0.894  -0.581  2.397  2.589 1soxA 173 352
c0376     6 13  2.6 0.36  1.187  -0.504  2.639  2.882 1a5kC 355 537
c0377    11 12  2.8 0.39  1.199  -0.391  2.381  3.025 1ztuA 127 269
c0378    17 13  3.1 0.40  1.652  -0.463  3.286  3.527 1ultA  91 244
c0379     8 13  1.8 0.29  0.670  -0.569  1.974  2.293 1ao0A  93 234
c0380     2 14  3.9 0.55  2.888  -0.051  3.043  3.039 1nbwA  45 250
c0381     1 14  3.7 0.57  2.330   0.000  2.330  2.324 1urjA  39 274
c0382     0 15 99.0 1.00 99.000  99.000  0.000  0.000 xxxxx   0   0
c0383     3 14  2.9 0.45  2.026  -0.333  3.094  3.202 1tmxA  52 260
c0384     1 15  2.7 0.40  1.222   0.000  1.222  1.219 1ky8A 359 491
c0385     3 14  2.2 0.33  1.130  -0.215  1.448  1.481 1vd6A   3 165
c0386     0 14 99.0 1.00 99.000  99.000  0.000  0.000 xxxxx   0   0
c0387     4 13  3.2 0.36  1.397  -0.374  2.300  2.416 1q15A 103 273
c0388     5 14  2.3 0.34  0.972  -0.333  1.475  1.508 1o94D   9 157
c0389     3 14  3.3 0.50  2.165  -0.264  2.965  3.024 1qba_ 219 424
c0390    14 11  3.6 0.42  2.146  -0.377  3.820  4.436 1r6vA  33 164
c0391     2 16  3.1 0.47  1.856  -0.012  1.878  1.875 2cw7A 119 296
c0392     4 14  2.9 0.46  2.429  -0.297  3.512  3.648 2awoD  92 260
c0393    11 15  0.8 0.12  0.156  -0.708  0.739  0.823 1a2n_ 106 278
c0394     0 15 99.0 1.00 99.000  99.000  0.000  0.000 xxxxx   0   0
c0395     2 14  2.8 0.39  1.591  -0.254  2.155  2.222 1qlaA  66 259
c0396     1 14  4.1 0.62  2.585   0.000  2.585  2.578 1s1mA  36 214
c0397     2 14  4.1 0.55  2.432  -0.115  2.750  2.761 1tzlA  29 238
c0398     7 14  2.1 0.32  0.945  -0.403  1.712  1.905 1zkpA  75 244
c0399     1 14  4.0 0.61  2.685   0.000  2.685  2.678 1qdlA 211 378
