           68
            2          53
            2          64
            3          56
            5          52
            6          51
            7          49
            7          51
            9          24
            9          50
            9          52
           10          24
           10          49
           11          20
           11          21
           11          22
           11          30
           11          36
           11          43
           11          44
           11          50
           11          52
           12          22
           14          19
           14          20
           14          37
           14          40
           14          41
           14          44
           19          60
           20          61
           21          60
           22          30
           22          36
           22          37
           22          40
           22          63
           23          28
           23          29
           23          62
           29          34
           36          50
           36          63
           36          66
           39          66
           39          68
           40          63
           40          66
           42          68
           43          48
           43          50
           43          66
           43          68
           48          68
           50          66
           50          68
           51          67
           51          69
           52          63
           52          66
           53          64
           53          65
           54          61
           54          63
           54          64
           55          62
           55          64
           56          61
           57          63
