   13  13   9
 1
 1
  -0.4300      0.5400    
    0.000       0.000    
    0.000       0.000    
  -0.4300      0.5400    
    0.000       2.000    
   0.3144E-01   1.000    
   0.4117       1.000    
   0.3546E-02   1.000    
    3.627       1.000    
   0.4117      -2.000    
   0.5225       1.000    
    2.443       1.000    
   0.3054E-01   1.000    
    0.000       0.000    
 1
 1
   -1.010      0.7100    
    0.000       0.000    
    0.000       0.000    
   -1.010      0.7100    
    0.000       2.000    
   0.3144E-01  -1.000    
   0.4117      -2.000    
   0.3468E-02   1.000    
    2.410       1.000    
   0.4117      -2.000    
   0.5225      -6.000    
    2.443      -7.000    
   0.1726E-01   1.000    
    0.000       0.000    
 1
 1
   -1.542      0.7100    
    0.000       0.000    
    0.000       0.000    
   -1.542      0.7100    
    0.000       2.000    
   0.3144E-01  -1.000    
   0.4117      -2.000    
   0.3547E-02   1.000    
    1.826       1.000    
   0.4117      -2.000    
   0.5225      -6.000    
    2.443      -7.000    
   0.1005E-01   1.000    
    0.000       0.000    
 1
 1
   -1.997      0.7100    
    0.000       0.000    
    0.000       0.000    
   -1.997      0.7100    
    0.000       2.000    
   0.3144E-01  -1.000    
   0.4117      -2.000    
   0.3500E-02   1.000    
    1.826      -22.00    
   0.4117      -2.000    
   0.5225      -6.000    
    2.443      -7.000    
   0.9011E-02   1.000    
    0.000       0.000    
 1
 1
   -1.997      0.7100    
    0.000       0.000    
    0.000       0.000    
   -1.997      0.7100    
    0.000       2.000    
   0.3144E-01  -1.000    
   0.4117      -2.000    
   0.3466E-02   1.000    
    1.826      -22.00    
   0.4117      -2.000    
   0.5225      -6.000    
    2.443      -7.000    
   0.8498E-02   1.000    
    0.000       0.000    
 1
 1
   -1.997      0.7100    
    0.000       0.000    
    0.000       0.000    
   -1.997      0.7100    
    0.000       2.000    
   0.3144E-01  -1.000    
   0.4117      -2.000    
   0.3542E-02   1.000    
    1.826      -22.00    
   0.4117      -2.000    
   0.5225      -6.000    
    2.443      -7.000    
   0.9875E-02   1.000    
    0.000       0.000    
 1
 1
   -1.997      0.7100    
    0.000       0.000    
    0.000       0.000    
   -1.997      0.7100    
    0.000       2.000    
   0.3144E-01  -1.000    
   0.4117      -2.000    
   0.3442E-02   1.000    
    1.826      -22.00    
   0.4117      -2.000    
   0.5225      -6.000    
    2.443      -7.000    
   0.1009E-01   1.000    
    0.000       0.000    
 1
 1
   -1.997      0.7100    
    0.000       0.000    
    0.000       0.000    
   -1.997      0.7100    
    0.000       2.000    
   0.3144E-01  -1.000    
   0.4117      -2.000    
   0.3513E-02   1.000    
    1.826      -22.00    
   0.4117      -2.000    
   0.5225      -6.000    
    2.443      -7.000    
   0.1078E-01   1.000    
    0.000       0.000    
 1
 1
   -1.997      0.7100    
    0.000       0.000    
    0.000       0.000    
   -1.997      0.7100    
    0.000       2.000    
   0.3144E-01  -1.000    
   0.4117      -2.000    
   0.3538E-02   1.000    
    1.826      -22.00    
   0.4117      -2.000    
   0.5225      -6.000    
    2.443      -7.000    
   0.1088E-01   1.000    
    0.000       0.000    
 1
 1
   -1.997      0.7100    
    0.000       0.000    
    0.000       0.000    
   -1.997      0.7100    
    0.000       2.000    
   0.3144E-01  -1.000    
   0.4117      -2.000    
   0.3537E-02   1.000    
    1.826      -22.00    
   0.4117      -2.000    
   0.5225      -6.000    
    2.443      -7.000    
   0.1054E-01   1.000    
    0.000       0.000    
 1
 1
   -1.997      0.7100    
    0.000       0.000    
    0.000       0.000    
   -1.997      0.7100    
    0.000       2.000    
   0.3144E-01  -1.000    
   0.4117      -2.000    
   0.3590E-02   1.000    
    1.826      -22.00    
   0.4117      -2.000    
   0.5225      -6.000    
    2.443      -7.000    
   0.9902E-02   1.000    
    0.000       0.000    
 1
 1
   -1.997      0.5900    
    0.000       0.000    
    0.000       0.000    
   -1.997      0.5900    
    0.000       2.000    
   0.3144E-01  -1.000    
   0.4117      -2.000    
   0.3612E-02   1.000    
    1.826      -22.00    
   0.4117      -2.000    
   0.5225      -6.000    
    2.443      -7.000    
   0.1108E-01   1.000    
    0.000       0.000    
 1
 1
   -1.997      0.3060    
    0.000       0.000    
    0.000       0.000    
   -1.997      0.3060    
    0.000       2.000    
   0.3144E-01  -1.000    
   0.4117      -2.000    
   0.3627E-02   1.000    
    1.826      -22.00    
   0.4117      -2.000    
   0.5225      -6.000    
    2.443      -7.000    
   0.1075E-01   1.000    
    0.000       0.000    
