   13  13   9
 1
 1
  -0.4300      0.5400    
    0.000       0.000    
    0.000       0.000    
  -0.4300      0.5400    
    0.000       2.000    
   0.8369E-01   1.000    
   0.2554       1.000    
   0.3429E-02   1.000    
    3.852       1.000    
   0.2554      -2.000    
   0.6188       1.000    
    1.769       1.000    
   0.1911E-01   1.000    
    0.000       0.000    
 1
 1
   -1.010      0.7100    
    0.000       0.000    
    0.000       0.000    
   -1.010      0.7100    
    0.000       2.000    
   0.8369E-01  -1.000    
   0.2554      -2.000    
   0.3417E-02   1.000    
    2.475       1.000    
   0.2554      -2.000    
   0.6188      -6.000    
    1.769      -7.000    
   0.1659E-01   1.000    
    0.000       0.000    
 1
 1
   -1.542      0.7100    
    0.000       0.000    
    0.000       0.000    
   -1.542      0.7100    
    0.000       2.000    
   0.8369E-01  -1.000    
   0.2554      -2.000    
   0.3865E-02   1.000    
    1.833       1.000    
   0.2554      -2.000    
   0.6188      -6.000    
    1.769      -7.000    
   0.1152E-01   1.000    
    0.000       0.000    
 1
 1
   -1.997      0.7100    
    0.000       0.000    
    0.000       0.000    
   -1.997      0.7100    
    0.000       2.000    
   0.8369E-01  -1.000    
   0.2554      -2.000    
   0.3908E-02   1.000    
    1.833      -22.00    
   0.2554      -2.000    
   0.6188      -6.000    
    1.769      -7.000    
   0.1030E-01   1.000    
    0.000       0.000    
 1
 1
   -1.997      0.7100    
    0.000       0.000    
    0.000       0.000    
   -1.997      0.7100    
    0.000       2.000    
   0.8369E-01  -1.000    
   0.2554      -2.000    
   0.3929E-02   1.000    
    1.833      -22.00    
   0.2554      -2.000    
   0.6188      -6.000    
    1.769      -7.000    
   0.9482E-02   1.000    
    0.000       0.000    
 1
 1
   -1.997      0.7100    
    0.000       0.000    
    0.000       0.000    
   -1.997      0.7100    
    0.000       2.000    
   0.8369E-01  -1.000    
   0.2554      -2.000    
   0.4152E-02   1.000    
    1.833      -22.00    
   0.2554      -2.000    
   0.6188      -6.000    
    1.769      -7.000    
   0.1115E-01   1.000    
    0.000       0.000    
 1
 1
   -1.997      0.7100    
    0.000       0.000    
    0.000       0.000    
   -1.997      0.7100    
    0.000       2.000    
   0.8369E-01  -1.000    
   0.2554      -2.000    
   0.4249E-02   1.000    
    1.833      -22.00    
   0.2554      -2.000    
   0.6188      -6.000    
    1.769      -7.000    
   0.1138E-01   1.000    
    0.000       0.000    
 1
 1
   -1.997      0.7100    
    0.000       0.000    
    0.000       0.000    
   -1.997      0.7100    
    0.000       2.000    
   0.8369E-01  -1.000    
   0.2554      -2.000    
   0.4293E-02   1.000    
    1.833      -22.00    
   0.2554      -2.000    
   0.6188      -6.000    
    1.769      -7.000    
   0.1316E-01   1.000    
    0.000       0.000    
 1
 1
   -1.997      0.7100    
    0.000       0.000    
    0.000       0.000    
   -1.997      0.7100    
    0.000       2.000    
   0.8369E-01  -1.000    
   0.2554      -2.000    
   0.4426E-02   1.000    
    1.833      -22.00    
   0.2554      -2.000    
   0.6188      -6.000    
    1.769      -7.000    
   0.1254E-01   1.000    
    0.000       0.000    
 1
 1
   -1.997      0.7100    
    0.000       0.000    
    0.000       0.000    
   -1.997      0.7100    
    0.000       2.000    
   0.8369E-01  -1.000    
   0.2554      -2.000    
   0.4395E-02   1.000    
    1.833      -22.00    
   0.2554      -2.000    
   0.6188      -6.000    
    1.769      -7.000    
   0.1192E-01   1.000    
    0.000       0.000    
 1
 1
   -1.997      0.7100    
    0.000       0.000    
    0.000       0.000    
   -1.997      0.7100    
    0.000       2.000    
   0.8369E-01  -1.000    
   0.2554      -2.000    
   0.4526E-02   1.000    
    1.833      -22.00    
   0.2554      -2.000    
   0.6188      -6.000    
    1.769      -7.000    
   0.1350E-01   1.000    
    0.000       0.000    
 1
 1
   -1.997      0.5900    
    0.000       0.000    
    0.000       0.000    
   -1.997      0.5900    
    0.000       2.000    
   0.8369E-01  -1.000    
   0.2554      -2.000    
   0.4538E-02   1.000    
    1.833      -22.00    
   0.2554      -2.000    
   0.6188      -6.000    
    1.769      -7.000    
   0.1349E-01   1.000    
    0.000       0.000    
 1
 1
   -1.997      0.3060    
    0.000       0.000    
    0.000       0.000    
   -1.997      0.3060    
    0.000       2.000    
   0.8369E-01  -1.000    
   0.2554      -2.000    
   0.4476E-02   1.000    
    1.833      -22.00    
   0.2554      -2.000    
   0.6188      -6.000    
    1.769      -7.000    
   0.1454E-01   1.000    
    0.000       0.000    
