   13  13   9
 1
 1
  -0.4300      0.5400    
    0.000       0.000    
    0.000       0.000    
  -0.4300      0.5400    
    0.000       2.000    
   0.3353       1.000    
   0.3965       1.000    
   0.3339E-02   1.000    
    3.529       1.000    
   0.3965      -2.000    
   0.4919       1.000    
    2.070       1.000    
   0.3648E-01   1.000    
    0.000       0.000    
 1
 1
   -1.010      0.7100    
    0.000       0.000    
    0.000       0.000    
   -1.010      0.7100    
    0.000       2.000    
   0.3353      -1.000    
   0.3965      -2.000    
   0.3376E-02   1.000    
    2.094       1.000    
   0.3965      -2.000    
   0.4919      -6.000    
    2.070      -7.000    
   0.2708E-01   1.000    
    0.000       0.000    
 1
 1
   -1.542      0.7100    
    0.000       0.000    
    0.000       0.000    
   -1.542      0.7100    
    0.000       2.000    
   0.3353      -1.000    
   0.3965      -2.000    
   0.3767E-02   1.000    
    1.514       1.000    
   0.3965      -2.000    
   0.4919      -6.000    
    2.070      -7.000    
   0.1755E-01   1.000    
    0.000       0.000    
 1
 1
   -1.997      0.7100    
    0.000       0.000    
    0.000       0.000    
   -1.997      0.7100    
    0.000       2.000    
   0.3353      -1.000    
   0.3965      -2.000    
   0.3823E-02   1.000    
    1.514      -22.00    
   0.3965      -2.000    
   0.4919      -6.000    
    2.070      -7.000    
   0.1423E-01   1.000    
    0.000       0.000    
 1
 1
   -1.997      0.7100    
    0.000       0.000    
    0.000       0.000    
   -1.997      0.7100    
    0.000       2.000    
   0.3353      -1.000    
   0.3965      -2.000    
   0.3819E-02   1.000    
    1.514      -22.00    
   0.3965      -2.000    
   0.4919      -6.000    
    2.070      -7.000    
   0.1346E-01   1.000    
    0.000       0.000    
 1
 1
   -1.997      0.7100    
    0.000       0.000    
    0.000       0.000    
   -1.997      0.7100    
    0.000       2.000    
   0.3353      -1.000    
   0.3965      -2.000    
   0.4014E-02   1.000    
    1.514      -22.00    
   0.3965      -2.000    
   0.4919      -6.000    
    2.070      -7.000    
   0.1523E-01   1.000    
    0.000       0.000    
 1
 1
   -1.997      0.7100    
    0.000       0.000    
    0.000       0.000    
   -1.997      0.7100    
    0.000       2.000    
   0.3353      -1.000    
   0.3965      -2.000    
   0.3969E-02   1.000    
    1.514      -22.00    
   0.3965      -2.000    
   0.4919      -6.000    
    2.070      -7.000    
   0.1739E-01   1.000    
    0.000       0.000    
 1
 1
   -1.997      0.7100    
    0.000       0.000    
    0.000       0.000    
   -1.997      0.7100    
    0.000       2.000    
   0.3353      -1.000    
   0.3965      -2.000    
   0.4030E-02   1.000    
    1.514      -22.00    
   0.3965      -2.000    
   0.4919      -6.000    
    2.070      -7.000    
   0.1731E-01   1.000    
    0.000       0.000    
 1
 1
   -1.997      0.7100    
    0.000       0.000    
    0.000       0.000    
   -1.997      0.7100    
    0.000       2.000    
   0.3353      -1.000    
   0.3965      -2.000    
   0.4082E-02   1.000    
    1.514      -22.00    
   0.3965      -2.000    
   0.4919      -6.000    
    2.070      -7.000    
   0.1941E-01   1.000    
    0.000       0.000    
 1
 1
   -1.997      0.7100    
    0.000       0.000    
    0.000       0.000    
   -1.997      0.7100    
    0.000       2.000    
   0.3353      -1.000    
   0.3965      -2.000    
   0.4099E-02   1.000    
    1.514      -22.00    
   0.3965      -2.000    
   0.4919      -6.000    
    2.070      -7.000    
   0.2077E-01   1.000    
    0.000       0.000    
 1
 1
   -1.997      0.7100    
    0.000       0.000    
    0.000       0.000    
   -1.997      0.7100    
    0.000       2.000    
   0.3353      -1.000    
   0.3965      -2.000    
   0.4024E-02   1.000    
    1.514      -22.00    
   0.3965      -2.000    
   0.4919      -6.000    
    2.070      -7.000    
   0.2190E-01   1.000    
    0.000       0.000    
 1
 1
   -1.997      0.5900    
    0.000       0.000    
    0.000       0.000    
   -1.997      0.5900    
    0.000       2.000    
   0.3353      -1.000    
   0.3965      -2.000    
   0.4044E-02   1.000    
    1.514      -22.00    
   0.3965      -2.000    
   0.4919      -6.000    
    2.070      -7.000    
   0.2302E-01   1.000    
    0.000       0.000    
 1
 1
   -1.997      0.3060    
    0.000       0.000    
    0.000       0.000    
   -1.997      0.3060    
    0.000       2.000    
   0.3353      -1.000    
   0.3965      -2.000    
   0.4069E-02   1.000    
    1.514      -22.00    
   0.3965      -2.000    
   0.4919      -6.000    
    2.070      -7.000    
   0.2330E-01   1.000    
    0.000       0.000    
