   13  13   9
 1
 1
  -0.4300      0.5400    
    0.000       0.000    
    0.000       0.000    
  -0.4300      0.5400    
    0.000       2.000    
    0.000       0.000    
    0.000       0.000    
   0.3500E-02   1.000    
    3.812       1.000    
   0.2350       1.000    
   0.5411       1.000    
    2.564       1.000    
   0.1074E-13   1.000    
    0.000       0.000    
 1
 1
   -1.010      0.7100    
    0.000       0.000    
    0.000       0.000    
   -1.010      0.7100    
    0.000       2.000    
    0.000       0.000    
    0.000       0.000    
   0.3500E-02   1.000    
    2.544       1.000    
   0.2350      -5.000    
   0.5411      -6.000    
    2.564      -7.000    
  -0.9119E-09   1.000    
    0.000       0.000    
 1
 1
   -1.542      0.7100    
    0.000       0.000    
    0.000       0.000    
   -1.542      0.7100    
    0.000       2.000    
    0.000       0.000    
    0.000       0.000    
   0.3498E-02   1.000    
    1.900       1.000    
   0.2350      -5.000    
   0.5411      -6.000    
    2.564      -7.000    
   0.1450E-02   1.000    
    0.000       0.000    
 1
 1
   -1.997      0.7100    
    0.000       0.000    
    0.000       0.000    
   -1.997      0.7100    
    0.000       2.000    
    0.000       0.000    
    0.000       0.000    
   0.3501E-02   1.000    
    1.900      -22.00    
   0.2350      -5.000    
   0.5411      -6.000    
    2.564      -7.000    
   0.1192E-02   1.000    
    0.000       0.000    
 1
 1
   -1.997      0.7100    
    0.000       0.000    
    0.000       0.000    
   -1.997      0.7100    
    0.000       2.000    
    0.000       0.000    
    0.000       0.000    
   0.3500E-02   1.000    
    1.900      -22.00    
   0.2350      -5.000    
   0.5411      -6.000    
    2.564      -7.000    
   0.1185E-02   1.000    
    0.000       0.000    
 1
 1
   -1.997      0.7100    
    0.000       0.000    
    0.000       0.000    
   -1.997      0.7100    
    0.000       2.000    
    0.000       0.000    
    0.000       0.000    
   0.3496E-02   1.000    
    1.900      -22.00    
   0.2350      -5.000    
   0.5411      -6.000    
    2.564      -7.000    
   0.2110E-02   1.000    
    0.000       0.000    
 1
 1
   -1.997      0.7100    
    0.000       0.000    
    0.000       0.000    
   -1.997      0.7100    
    0.000       2.000    
    0.000       0.000    
    0.000       0.000    
   0.3491E-02   1.000    
    1.900      -22.00    
   0.2350      -5.000    
   0.5411      -6.000    
    2.564      -7.000    
   0.1917E-02   1.000    
    0.000       0.000    
 1
 1
   -1.997      0.7100    
    0.000       0.000    
    0.000       0.000    
   -1.997      0.7100    
    0.000       2.000    
    0.000       0.000    
    0.000       0.000    
   0.3505E-02   1.000    
    1.900      -22.00    
   0.2350      -5.000    
   0.5411      -6.000    
    2.564      -7.000    
   0.1058E-02   1.000    
    0.000       0.000    
 1
 1
   -1.997      0.7100    
    0.000       0.000    
    0.000       0.000    
   -1.997      0.7100    
    0.000       2.000    
    0.000       0.000    
    0.000       0.000    
   0.3516E-02   1.000    
    1.900      -22.00    
   0.2350      -5.000    
   0.5411      -6.000    
    2.564      -7.000    
   0.1051E-02   1.000    
    0.000       0.000    
 1
 1
   -1.997      0.7100    
    0.000       0.000    
    0.000       0.000    
   -1.997      0.7100    
    0.000       2.000    
    0.000       0.000    
    0.000       0.000    
   0.3506E-02   1.000    
    1.900      -22.00    
   0.2350      -5.000    
   0.5411      -6.000    
    2.564      -7.000    
   0.2570E-02   1.000    
    0.000       0.000    
 1
 1
   -1.997      0.7100    
    0.000       0.000    
    0.000       0.000    
   -1.997      0.7100    
    0.000       2.000    
    0.000       0.000    
    0.000       0.000    
   0.3500E-02   1.000    
    1.900      -22.00    
   0.2350      -5.000    
   0.5411      -6.000    
    2.564      -7.000    
   0.1096E-02   1.000    
    0.000       0.000    
 1
 1
   -1.997      0.5900    
    0.000       0.000    
    0.000       0.000    
   -1.997      0.5900    
    0.000       2.000    
    0.000       0.000    
    0.000       0.000    
   0.3500E-02   1.000    
    1.900      -22.00    
   0.2350      -5.000    
   0.5411      -6.000    
    2.564      -7.000    
   0.2238E-02   1.000    
    0.000       0.000    
 1
 1
   -1.997      0.3060    
    0.000       0.000    
    0.000       0.000    
   -1.997      0.3060    
    0.000       2.000    
    0.000       0.000    
    0.000       0.000    
   0.3498E-02   1.000    
    1.900      -22.00    
   0.2350      -5.000    
   0.5411      -6.000    
    2.564      -7.000    
   0.2709E-02   1.000    
    0.000       0.000    
