   13  13   9
 1
 1
  -0.4300      0.5400    
    0.000       0.000    
    0.000       0.000    
  -0.4300      0.5400    
    0.000       2.000    
   0.4523       1.000    
   0.4501       1.000    
   0.3371E-02   1.000    
    3.344       1.000    
   0.4501      -2.000    
   0.6122       1.000    
    2.194       1.000    
   0.6380E-01   1.000    
    0.000       0.000    
 1
 1
   -1.010      0.7100    
    0.000       0.000    
    0.000       0.000    
   -1.010      0.7100    
    0.000       2.000    
   0.4523      -1.000    
   0.4501      -2.000    
   0.3336E-02   1.000    
    1.885       1.000    
   0.4501      -2.000    
   0.6122      -6.000    
    2.194      -7.000    
   0.3043E-01   1.000    
    0.000       0.000    
 1
 1
   -1.542      0.7100    
    0.000       0.000    
    0.000       0.000    
   -1.542      0.7100    
    0.000       2.000    
   0.4523      -1.000    
   0.4501      -2.000    
   0.3813E-02   1.000    
    1.385       1.000    
   0.4501      -2.000    
   0.6122      -6.000    
    2.194      -7.000    
   0.2293E-01   1.000    
    0.000       0.000    
 1
 1
   -1.997      0.7100    
    0.000       0.000    
    0.000       0.000    
   -1.997      0.7100    
    0.000       2.000    
   0.4523      -1.000    
   0.4501      -2.000    
   0.3787E-02   1.000    
    1.385      -22.00    
   0.4501      -2.000    
   0.6122      -6.000    
    2.194      -7.000    
   0.1660E-01   1.000    
    0.000       0.000    
 1
 1
   -1.997      0.7100    
    0.000       0.000    
    0.000       0.000    
   -1.997      0.7100    
    0.000       2.000    
   0.4523      -1.000    
   0.4501      -2.000    
   0.3763E-02   1.000    
    1.385      -22.00    
   0.4501      -2.000    
   0.6122      -6.000    
    2.194      -7.000    
   0.1786E-01   1.000    
    0.000       0.000    
 1
 1
   -1.997      0.7100    
    0.000       0.000    
    0.000       0.000    
   -1.997      0.7100    
    0.000       2.000    
   0.4523      -1.000    
   0.4501      -2.000    
   0.4031E-02   1.000    
    1.385      -22.00    
   0.4501      -2.000    
   0.6122      -6.000    
    2.194      -7.000    
   0.1969E-01   1.000    
    0.000       0.000    
 1
 1
   -1.997      0.7100    
    0.000       0.000    
    0.000       0.000    
   -1.997      0.7100    
    0.000       2.000    
   0.4523      -1.000    
   0.4501      -2.000    
   0.3964E-02   1.000    
    1.385      -22.00    
   0.4501      -2.000    
   0.6122      -6.000    
    2.194      -7.000    
   0.1895E-01   1.000    
    0.000       0.000    
 1
 1
   -1.997      0.7100    
    0.000       0.000    
    0.000       0.000    
   -1.997      0.7100    
    0.000       2.000    
   0.4523      -1.000    
   0.4501      -2.000    
   0.3952E-02   1.000    
    1.385      -22.00    
   0.4501      -2.000    
   0.6122      -6.000    
    2.194      -7.000    
   0.2110E-01   1.000    
    0.000       0.000    
 1
 1
   -1.997      0.7100    
    0.000       0.000    
    0.000       0.000    
   -1.997      0.7100    
    0.000       2.000    
   0.4523      -1.000    
   0.4501      -2.000    
   0.4025E-02   1.000    
    1.385      -22.00    
   0.4501      -2.000    
   0.6122      -6.000    
    2.194      -7.000    
   0.2181E-01   1.000    
    0.000       0.000    
 1
 1
   -1.997      0.7100    
    0.000       0.000    
    0.000       0.000    
   -1.997      0.7100    
    0.000       2.000    
   0.4523      -1.000    
   0.4501      -2.000    
   0.4013E-02   1.000    
    1.385      -22.00    
   0.4501      -2.000    
   0.6122      -6.000    
    2.194      -7.000    
   0.2322E-01   1.000    
    0.000       0.000    
 1
 1
   -1.997      0.7100    
    0.000       0.000    
    0.000       0.000    
   -1.997      0.7100    
    0.000       2.000    
   0.4523      -1.000    
   0.4501      -2.000    
   0.4103E-02   1.000    
    1.385      -22.00    
   0.4501      -2.000    
   0.6122      -6.000    
    2.194      -7.000    
   0.2530E-01   1.000    
    0.000       0.000    
 1
 1
   -1.997      0.5900    
    0.000       0.000    
    0.000       0.000    
   -1.997      0.5900    
    0.000       2.000    
   0.4523      -1.000    
   0.4501      -2.000    
   0.4083E-02   1.000    
    1.385      -22.00    
   0.4501      -2.000    
   0.6122      -6.000    
    2.194      -7.000    
   0.2810E-01   1.000    
    0.000       0.000    
 1
 1
   -1.997      0.3060    
    0.000       0.000    
    0.000       0.000    
   -1.997      0.3060    
    0.000       2.000    
   0.4523      -1.000    
   0.4501      -2.000    
   0.3977E-02   1.000    
    1.385      -22.00    
   0.4501      -2.000    
   0.6122      -6.000    
    2.194      -7.000    
   0.2949E-01   1.000    
    0.000       0.000    
