<PRE>
  0.351092234563248      -0.138407598550933       0.275125163849678     
  0.472755786432362      -0.131743459081940       0.235395754904506     
  0.427695862741366      -3.526810600224343E-002  0.175455568452423     
  0.404438027014849       4.437629164502874E-002  0.266044141784151     
 -0.479340983032920       1.832324790319644E-002  0.265049316973198     
  0.461105098835322      -5.380236520072409E-002  0.347007544235121     
  0.391928990937173       3.040766496784217E-002  0.396112886069145     
  0.341166031564631       0.139922391550490       0.373245319150173     
  0.464760337064530       0.136354314803640       0.344767465844724     
  0.472781025455211       0.252107483865817       0.374515791692994     
 -0.466907764212369       0.354765920287297       0.362352947941582     
 -0.465153580407691       0.268055094152185       0.272404654503017     
 -0.403055650946549       0.366250800041008       0.234350391790808     
 -0.415199099993273       0.466762310951302       0.161220777389619     
 -0.424724051741796       0.483394453090568       0.278871044156315     
 -0.392686081609368      -0.406300289532475       0.315333479687135     
 -0.348294284880807       6.518479243983309E-003  0.208071009120391     
 -0.307215214882231       0.121310369992009       0.206707736803074     
 -0.402007301626094       0.166566621612450       0.270521821462597     
 -0.420494553756554       0.182129985332946       0.391658225883101     
 -0.383212743544439       0.241379925085006       0.495763781422344     
 -0.390638007574969       0.195211635706212      -0.390411423027250     
 -0.284147119287143       0.249167357396755      -0.348082797055498     
 -0.371802664257752       0.321965718501365      -0.301719651996140     
 -0.391042269805146       0.425056765569412      -0.360814220980526     
 -0.464078257811338      -0.468444370772881      -0.370549575708218     
  0.489879506169830      -0.370852662261517      -0.306826494334640     
  0.377382570135376      -0.358820017056972      -0.347661056686098     
  0.471629233160300      -0.382862548060917      -0.432727838656777     
  0.452165926114843      -0.402626931174890       0.447531349012680     
 -0.454982828704112      -0.322270900490839       0.438475556063340     
  0.465026975229815      -0.253464101411021       0.497807243725595     
  0.421836815936871       0.354023311635299      -0.498357225440018     
 -0.494610031336241       0.438840560873165      -0.484793556813589     
 -0.399961938862667       0.361257228631925      -0.492534451603769     
 -0.347950289385343       0.418484685351352       0.408594333075668     
 -0.286520631465109       0.325671330336201       0.355345785821759     
 -0.233156079163543       0.436049692571641       0.335113251629498     
 -0.297576228754132       0.461657776694343       0.236947642232076     
 -0.270867981316437       0.345231904238664       0.226916183420421     
 -0.297497678257884       0.233805878577781       0.273172868707948     
 -0.267301629774206       0.247273207013645       0.148605931164693     
 -0.297290456932430       0.261945981356797       3.072649664947136E-002
 -0.333885440391009       0.292056104564642      -8.523949852635626E-002
 -0.223307938036796       0.338897960966094      -0.107116507765032     
 -0.297597905337363       0.306757439916360      -0.204791735758429     
 -0.410753276680087       0.337859062969384      -0.182104515653556     
 -0.341819753227673       0.418656445346496      -0.236918526098252     
 -0.141221341289713      -0.187346655132168      -0.423683697907583     
 -0.251789229431615      -0.236501219441343      -0.391178424358842     
 -0.217605943546813      -0.210995371832586       0.488352275213563     
 -0.334323305998770      -0.163475194470350       0.488698535452368     
 -0.342750195773981      -0.285596089707450       0.495206722931872     
 -0.443859611925303      -0.288141590356348      -0.433651781101231     
 -0.430799676374735      -0.161877883085741      -0.424943854519749     
 -0.314071268944720      -0.122440291307951      -0.393833793221834     
 -0.246591214229846      -7.727712588292805E-002 -0.494625231843942     
 -0.174300811807724      -0.107211812966983       0.404811919599886     
 -0.210971371399041       1.279093215189167E-002  0.398119462630006     
 -0.197913343321265       0.125233526109908       0.450666736247946     
 -0.104522302106671       0.147292943805093       0.378741587920944     
 -6.829946961993434E-002  2.346700773533172E-002  0.369060774969096     
 -8.398250471396777E-002  8.197647951967117E-002  0.258832028702844     
 -0.176746292560987       0.102130944900950       0.179755684409053     
 -0.140167674470389      -0.420605214447626      -0.314450502069411     
 -8.273443414580965E-002 -0.427220068677858      -0.420311579279331     
 -5.276318587539289E-002 -0.322518812388950      -0.359988007906040     
 -0.146156451948238      -0.276559253053069      -0.297700981332044     
 -8.887209050672379E-002 -0.314165988187128      -0.195216754250724     
 -0.115754220685663      -0.200837054328988      -0.153282744961852     
 -0.169213864747042      -0.159964730369463      -0.253586368806458     
 -0.291067259723111      -0.149857557140946      -0.236608020744946     
 -0.232729433016196      -6.814602660319471E-002 -0.161547440636275     
 -0.171686383305196      -2.470936793862701E-002 -0.262462471743952     
 -0.200556904050935       9.130939050689740E-002 -0.263641210164308     
 -8.089596065779216E-002  0.114546237446089      -0.258941730496102     
 -7.815927119389486E-002  1.989210599906600E-002 -0.331978661624512     
 -9.127000207064230E-002 -0.108657089862398      -0.332474269986556     
 -0.200959892696134      -7.868544767866806E-002 -0.378941366869054     
 -0.276705152939542      -8.142632336402341E-004 -0.314192811914388     
  0.165314301321085      -0.219532414311174       0.488141767580499     
  0.100851028403329      -0.177078067801501       0.393409879830266     
  0.149066442797774      -0.247957618471557       0.310551950305563     
  0.123978582668620      -0.305477882620996       0.414132223748305     
  0.218432669353661      -0.353205968813476       0.355115651771072     
  0.253385976542025      -0.465819583823553       0.338559616908495     
  0.306354890480483      -0.489364658234832       0.451572851288001     
  0.216886655061851       0.443134602481333       0.410909599431639     
  0.263962028761629       0.366308755319115       0.493754735824261     
  0.244755102098575       0.285721316354958       0.395754911207063     
  0.339812535988132       0.251384496341949       0.331045116745414     
  0.248132978444356       0.180849845885756       0.283195680247390     
  0.332197274008628       0.132289116866343       0.202985034318214     
  0.438397108737869       0.188865996038062       0.237494609648106     
 -0.455907617419681       0.205215685981067       0.170815353243283     
 -0.456155842485690       8.170725477311191E-002  0.161581384717483     
 -8.582142875801456E-002  0.282633966334934       0.498272069859005     
 -0.132441858916273       0.357875089730034       0.407190072416367     
 -6.349318918722129E-002  0.269331550338543       0.357522307177652     
  1.384074116452686E-002  0.184685444876077       0.416240696871618     
  4.940501109035859E-002  0.126485629979872       0.313032750233559     
  0.137893905754457       0.202975677811608       0.352161098827572     
  0.130852994372070       9.115296650566163E-002  0.400704727530207     
  0.241605330216910       7.714319956730852E-002  0.352663826148596     
  0.284751091961538       7.099308848179465E-003  0.452911390757210     
  0.275571763716490      -7.789129677714995E-002 -0.454713530252619     
  0.307747234265750      -0.115446753852083      -0.343222428722488     
  0.363562128766094      -0.222559848148207      -0.358741430956757     
  0.258793595343162      -0.214056157918079      -0.427228339641286     
  0.149801832808136      -0.212829622170203      -0.376292700969420     
  8.189566371229624E-002 -0.134360036167548      -0.445665413693462     
  1.443879511485277E-002 -0.217259335173129      -0.392919435583978     
  2.702236451174485E-002 -7.402895876817690E-004 -0.403167116560619     
  4.192853797734313E-002  0.112950764146883      -0.436639978571426     
  5.601525762457685E-002  0.209998069556808      -0.359631055764108     
 -5.998601017512285E-002  0.170289688607527      -0.389471432666774     
 -4.336685158066104E-002  0.283088606494941      -0.343321559331078     
 -5.217335349042152E-002  0.226711059865983      -0.231036028780314     
 -0.152771706562864       0.201855102047033      -0.305554922360189     
 -0.164020840710149       0.326212324060819      -0.318742390885869     
 -0.146566948187063       0.301333202428886      -0.201893875226031     
 -6.065262066194857E-002  0.296465000981825      -0.105214513837556     
 -0.150899635235214       0.265207898350340      -3.241137068619322E-002
 -0.196093762510697       0.343761326099075       5.484540168861599E-002
 -0.286741146355073       0.393969937027706      -1.955265067784598E-002
 -0.320010802963824       0.494707049713371      -9.323911101694785E-002
 -0.202320182120574      -0.493934600292720      -0.136665083783060     
 -0.107774653996852      -0.441374517511033      -0.198893304096578     
 -0.159456196208016      -0.440936766326802       0.108830219804245     
 -0.256975949884540      -0.371111670680301       7.371708731181030E-002
 -0.233055185343344      -0.469674598113668       9.866855939519668E-003
 -0.200333099650324      -0.355338357485272      -3.719529747145128E-002
 -9.007767945479898E-002 -0.384532843895187      -7.134204544537370E-002
 -0.109980394050321      -0.485568761020978      -8.530428583958912E-003
 -4.590997934681687E-002 -0.390708257249152       5.277329375334124E-002
  2.105147551104574E-002 -0.484497850813365       0.103460617606970     
  7.297341963584171E-002 -0.491841798512538       0.212871599307378     
  0.169822103788984      -0.425820962620948       0.237952786988072     
  0.171041163033503      -0.306879061095192       0.201700638043408     
  0.113045444795360      -0.221741137441456       0.132628939422928     
  1.982128622150903E-002 -0.272129249261048       0.196851769790537     
 -6.038752738183292E-002 -0.173483552123780       0.180950469499967     
 -3.677489010971226E-002 -8.321203811645106E-002  0.106622363970732     
  5.996124751678869E-002 -0.104774855049765       0.178792099689526     
 -6.793974709633868E-002  0.144615240150094       0.494308027795040     
  1.842102283427294E-002  6.801023082312548E-002  0.444068962195933     
  2.814007648768055E-002 -5.158164296334219E-002  0.464860831358281     
 -1.021326102389831E-002 -0.172794259255807       0.476393030099517     
 -9.626326729888621E-002 -9.055715132255650E-002 -0.482818015069390     
 -9.329970533586587E-002  3.293513901902554E-002 -0.456461232980323     
 -0.192524380803298       0.101648608927758      -0.426400804921653     
 -0.177161607451042       0.226962941363119      -0.436528286389387     
 -0.240104656947107       0.286842313691376       0.476031455807858     
 -0.302269146781944       0.202973289235590       0.404027526946483     
 -0.194428468178600       0.241234697879352       0.367768250981370     
 -0.171265305461215       0.340995802476682       0.295083514209346     
 -0.140665260671785       0.228540538497962       0.246801340787994     
 -0.218927195731624       0.143106281180493       0.301733957577160     
 -0.281147258847886       4.184823429948745E-002  0.301352251869751     
 -0.384903963564307       7.093269179315331E-002  0.358468634596885     
  0.480683249014187      -0.141268417759750      -0.288695845818389     
  0.408500067981771      -0.223982578365873      -0.238653126252267     
  0.369017759506165      -0.111805750685379      -0.238332374568853     
  0.291460100633254      -0.203881153427456      -0.219207018989784     
  0.282657413814580      -0.250874198265454      -0.103784296938634     
  0.182634045850307      -0.183817823574233      -0.140960651300951     
  0.100001344620177      -0.115656265233260      -0.200609777289960     
 -1.035821517319609E-002 -0.114423306483389      -0.143260239332506     
 -0.108108448393328      -4.280849681955911E-002 -0.157127088791283     
 -0.188656489797860      -2.713044210636532E-003 -7.132326256814732E-002
 -0.285867361118013       3.563787524467460E-002 -0.128552946139475     
 -0.182627455845711       0.105849693959344      -0.141952652307923     
 -8.530327512585931E-002  0.174015522901762      -0.127932580078577     
 -6.892614543958607E-002  6.157439602633397E-002 -6.804383389897181E-002
 -0.164663588563801       0.116361707879185      -1.422450416732642E-002
 -0.170303225138197       0.191098680583025       8.087353511115558E-002
  0.311445246416257       0.113340183735326      -0.291372115799823     
  0.346949775224102       3.154733527089908E-003 -0.261094688394930     
  0.254048719618214       1.104473703749819E-002 -0.336967847541386     
  0.188299490065873      -8.169594470561961E-002 -0.372898463174985     
  0.200423677766776      -0.157281563397604      -0.281073354159536     
  0.230544725736615      -6.849622112975022E-002 -0.199573613021775     
  0.250239438538370      -8.733150571200993E-003 -9.617599898357762E-002
  0.140286256857028      -5.936496832918564E-002 -6.643224019758977E-002
  0.148841763741122       6.145517439720415E-002 -4.281467831057684E-002
  0.193667148845273       0.136531550690296      -0.125736830698360     
  0.247674920860479       0.124289313367525      -1.540909674883471E-002
  0.229446789690543       0.238072832304397      -7.300967756044686E-002
  0.139387911634832       0.230068048143813       1.029236766900517E-002
  7.874537760051330E-002  0.205921745325382      -9.898086442862321E-002
  5.271096620604326E-002  0.312040356924304      -0.152152772755397     
 -3.430680288349814E-002  0.363225862845829      -0.217529499336837     
  0.147669427570378       0.479687090446714       0.310950541941220     
  9.327080569287170E-002  0.457474689683251       0.419192521032476     
  0.139030524737985       0.356335923790132       0.373575898608947     
  0.137928548903878       0.374520248363721       0.492989330129325     
  0.124747325296747       0.271221656047044      -0.447043591277222     
  0.123041387077842       0.166443837472656       0.494809054463779     
  0.235489554639034       0.142444611548966       0.455115162093496     
  0.248943806688532       7.108620544473683E-002 -0.448134180416104     
  0.200525711438554       0.168563699028895      -0.397764800309901     
  0.238279364918647       0.249777724212495      -0.480609565496758     
  0.231599049862333       0.322530306000786      -0.386861585598317     
  0.261577541606803       0.437247485422311      -0.348775681585300     
  0.214152536965939       0.491668645197004      -0.452362314004537     
  0.167480315969803      -0.434505864060297       0.456304824228082     
  0.256339341864208      -0.352129847028251       0.473224776491031     
  0.335879921629348      -0.301449752567548      -0.451183843689554     
 -0.306535463241124       0.468499343383411      -0.449742921418783     
 -0.183806195601697       0.498984530164926      -0.447113303569679     
 -0.187324555858696       0.470475726000944      -0.327966455818079     
 -0.276358251198023       0.387148107893369      -0.351147328353904     
 -0.187688497681442       0.365514630213769      -0.436503764859844     
 -0.237331867125084       0.409817299495303       0.457089564021255     
 -0.230845963570630      -0.471157152583933       0.435469307258154     
 -0.111923534873170      -0.469933511555657       0.428709514655895     
 -2.337683992737764E-002 -0.389287578370194       0.428732671611824     
 -1.397217268455558E-003 -0.490999340098671       0.351517885019540     
  4.969518019250093E-002  0.411520889313747       0.305286699787290     
 -7.889014681555502E-002  0.413976824695438       0.315658608108842     
 -1.030320207783062E-002  0.388483629072714       0.413393763402423     
 -8.429767942924316E-002  0.406900776266901      -0.492130347605761     
 -6.759375149973196E-002  0.399948290079977      -0.364244453528871     
 -4.063433606070540E-002  0.483223471004354      -0.271410452950617     
 -0.108854592915375       0.378890686634107      -3.323260993872987E-002
  1.980364524585507E-003  0.416539403905055       7.329601956117952E-003
  1.161202569687315E-002  0.294747310654388      -8.668122180822512E-003
  0.122713289246893       0.353644307338003      -4.885623733521940E-003
  8.354772820114729E-002  0.430270643474764      -0.100353287340316     
  0.176715319691147       0.346199252134596      -0.120076576772231     
  0.253200855051047       0.373675002012771      -3.164892111287110E-002
  0.250484111275014       0.488559434333348      -8.280765403160652E-002
  0.234957526081495      -0.446619913102931      -0.184023501808879     
  0.185149828053492      -0.330776872004459      -0.187097085141107     
  0.136865425790874      -0.324028298458124      -0.300902515149384     
  0.260673262290516      -0.289193074105812      -0.316805358478311     
  0.266656623222072      -0.410988498215690      -0.304064279829771     
  0.196910312049729      -0.380161287256030      -0.408521592621599     
  0.312252772913594      -0.429215030154452      -0.439085161641361     
  0.355832770124040       0.448378136429612      -0.443242348093693     
  0.128921933542692      -0.236108208172583      -2.511669256521180E-004
  0.151689884155303      -0.124564627677801       5.878618450802716E-002
  4.424038716599908E-002 -0.151130932340253       1.183817142849274E-002
 -3.876059836781755E-002 -6.572334576215148E-002 -3.041082316831650E-002
 -0.144153140218096      -0.129243721803096      -6.232918924341424E-002
 -0.250608299046915      -0.146417463534202      -8.235499095719214E-003
 -0.238523875787960      -0.262332345001038       2.875450501730348E-002
 -0.333009935489890      -0.337950301667233      -1.187897169043561E-002
 -0.404379939566981      -0.442068970387484      -9.494440599129022E-003
  0.476947137870175      -0.425762587219858      -2.155620882459178E-002
  0.370205592828675      -0.444584284430123      -8.768959063415387E-002
  0.340769001975635       0.482611054749542       1.241250767370250E-002
  0.217894199095347       0.463423189666108       4.919031990850221E-002
  0.264618557823514      -0.420142548155058       7.262229928384326E-002
  0.153599882490191      -0.464211876833971       0.122894726534221     
  0.101751997923973       0.487953798063472       1.853195566447143E-002
 -0.397228637097486      -0.258081018379293      -0.147502257014156     
 -0.407240105313152      -0.196939682739123      -3.411498204044937E-002
 -0.312564291720210      -0.183926087083006      -0.109130692284982     
 -0.218804377916392      -0.259490837049035      -0.116131126606117     
 -0.295297796711906      -0.272899622908812      -0.216584204204120     
 -0.359875522285304      -0.229606945499539      -0.313263399244688     
 -0.465386223248888      -0.250362265186436      -0.254718636165953     
 -0.387930081388342      -0.347413530086051      -0.245334295290946     
 -0.406733497614324      -0.470932666579712      -0.261021953862857     
  0.474812449797399      -0.452741907184369      -0.219771986984171     
  0.417487855007336      -0.497498887079343      -0.325359457532813     
  0.465605184217104       0.395928103550958      -0.361522866878749     
  0.357758234139333       0.379739120569022      -0.294955917599363     
  0.319448638388819       0.257425925410147      -0.307514725094796     
  0.196593676797494       0.244648385460305      -0.279890159973139     
  0.281498332801252       0.209004639955404      -0.192905480746593     
  3.725761561755114E-002 -0.170506082496317       0.279714434635256     
  4.817794796699988E-003 -0.276254960479547       0.323891870890931     
 -8.759199436289151E-002 -0.266340388457498       0.399131444194959     
 -0.169707923559325      -0.349504458376476       0.374999502811692     
 -7.258150076191294E-002 -0.394026930385989       0.302031409461254     
 -6.506445442495587E-002 -0.482215119065424       0.213195264259772     
 -0.176183540399814      -0.466287030103356       0.258990856764431     
 -0.279571203099675      -0.450282382457728       0.328814092116083     
 -0.285958888589979      -0.359790282089052       0.407588915297393     
 -0.226375978425293      -0.335193473412781      -0.481813286629126     
 -0.111028357176710      -0.294990990079955      -0.464836089236169     
  1.311140402408514E-002 -0.311906179048671      -0.467942764178442     
  4.226538212875275E-002 -0.428589389268936      -0.450250006624164     
  2.995866443245289E-002  0.455461147627862      -0.476299889585958     
  1.560308388341653E-002  0.343720057138110      -0.435621429140788     
  4.913465773602363E-002  0.289376217940274       0.460086274548139     
  0.418573071276821      -0.416222031492905       0.185963220524286     
  0.477401700644740      -0.476408673065513       9.606847337590547E-002
  0.381677856470034      -0.398822863249516       7.158761152177751E-002
  0.319529725935966      -0.295409769134751       9.459723795580401E-002
  0.193358023157783      -0.322833348807907       8.447701289913866E-002
  0.238962547204817      -0.208400516666346       4.559544139195016E-002
  0.274638765834764      -0.118007913654419      -2.979120475636643E-002
  0.222406982504740      -2.491196735168695E-002  4.088544719370119E-002
  0.252183090248401      -3.177272198748584E-002  0.163203456084461     
  0.133878205114645      -1.244830532236444E-002  0.165779459459866     
  7.832145619633049E-002 -1.675343014152825E-002  5.234983618791966E-002
  0.158894881841846       7.676090901277094E-002  8.402678768397333E-002
  0.278001036547166       9.491203587120274E-002  9.592631252333644E-002
  0.403279908413345       8.857043944318803E-002  0.106495575703140     
  0.355180810554662      -1.791879780459964E-002  7.636738838485350E-002
  0.368019195087895       6.476059357238895E-002 -8.636711642173544E-003
 -0.488906095273770       0.439133523527345      -0.255810171073008     
  0.428997669703596       0.376007741650043      -0.195950149954486     
  0.313679085062399       0.334723800745903      -0.168400871168503     
  0.363358429749959       0.429918902527984      -0.103291321023473     
  0.356746624777772      -0.494856917370648      -0.197852883621184     
  0.357592024014836      -0.365535516784092      -0.207973003704437     
  0.475996620191485      -0.338094375595532      -0.180946804823722     
 -0.443284405980905      -0.422163493751816      -0.138979806518357     
 -0.459066141531124      -0.324495932262473      -6.158102405014161E-002
 -0.460972615343890      -0.348590566627557       6.342216558647491E-002
  0.441489048255595      -0.305761429749163       9.123673897803363E-003
  0.361924706682031      -0.207386299126066       1.356755658410899E-003
  0.366308217041362      -0.138976855693527      -0.103713800788379     
  0.469711388758946      -0.133904790834792      -0.168718571898946     
  0.450989401741742      -1.484234613194002E-002 -0.205740817890915     
  0.384126392996850      -2.021921925011616E-002 -0.100933985888251     
 -0.406903263541242      -8.794944820176016E-002  0.262803816654180     
 -0.444973470148956      -8.144815018322271E-002  0.145154780514804     
  0.491847273868704      -2.451525378560623E-003  8.035756531832501E-002
 -0.493814015997007       0.113839868204589       5.167631415862064E-002
 -0.385067246071991       0.165089769231214       2.043314059102440E-002
 -0.438172868247018       0.281388076702084       1.807634881198541E-002
 -0.479977723985065       0.331514337678717      -8.292038577224210E-002
  0.411300518047240       0.334695500558416      -1.897958516300644E-002
  0.376425219639239       0.213540651159526      -2.126015702210540E-002
  0.491722563330664       0.186271574859810      -5.876636839377657E-002
  0.495909740675146       8.795426635354031E-002 -0.134006235831125     
 -0.409191233648324       6.205506935475689E-003 -0.134545344052582     
  0.498440243011973      -6.857083580320871E-003 -5.354899728557469E-002
 -0.394784530320661       4.499947773612744E-002 -1.471753987152829E-002
 -0.330581245211878       7.412748429858465E-002  8.585544570888486E-002
 -0.253802323434345       2.716407735157498E-003  2.892754896110915E-002
  8.534374102050732E-002  0.285733994927147       0.282477797671852     
  4.557668308314768E-002  0.194704072708268       0.203401005431341     
 -3.289649456683149E-002  0.283169396196780       0.229417467827400     
 -6.816373609826641E-002  0.196471694987333       0.143567670960930     
 -2.815732555343202E-003  0.305483258434370       0.116443733762263     
  7.462043663304201E-002  0.395121602967530       9.925010920041337E-002
 -1.670958222873346E-002  0.401962877443810       0.187192017045321     
 -9.240030245636645E-002  0.443509181905992       8.997752121125993E-002
 -0.136949248831674       0.355294430320180       0.174205777522879     
 -0.194854428667012       0.460150200228538       0.164824306393244     
 -0.307054495088102       0.430485580346884       0.111188108311647     
 -0.396846644891738       0.350224751613449       0.115975194544270     
 -0.406437038067131       0.397412822534473      -1.702850946380052E-003
 -0.435523576738971       0.446157540898542      -0.111422169167420     
  0.474098917603190       0.436067213564665      -2.784402309113696E-002
  0.482644821710431       0.389250514974059       8.862826875213155E-002
 -0.211904941472884       0.406873489957791      -0.220577397797649     
 -0.116573343649216       0.422620445864443      -0.149473227420869     
 -2.012250388785882E-002  0.492350575703325      -0.138707586627487     
  2.607157784387210E-002 -0.440454877855833      -4.687004229978026E-002
  0.138715475936510      -0.462312210776201      -9.301735579037007E-002
  0.159522175976198      -0.349818666998574      -3.993461185016719E-002
  0.276589379550845      -0.369047871883169      -8.957923944285189E-002
  0.389643711661023      -0.321158767772391      -0.100249335418729     
  0.466722154748469      -0.228862496653893      -7.834886278032985E-002
  0.496765514055301      -0.130284545656222      -7.957308545693351E-003
  0.421004311560429      -0.141208926492303       9.279464414977501E-002
  0.305039223871893      -0.141482091099078       0.144337701806533     
  0.340894670123055      -0.245590910087983       0.212360997079381     
  0.409506363022638      -0.295205892126066       0.311076732448906     
  0.360498108876271      -0.275449896542648       0.426212084314849     
  0.289708037993718      -0.245900879606454       0.331080947896852     
 -4.528535220162617E-002 -3.773975156629268E-002  0.245329449800796     
  1.352924349186463E-002 -7.023702887867481E-002  0.344562982254050     
 -7.044772969348877E-002 -0.168236525191809       0.330199968235046     
 -9.410045328932312E-002 -0.261973169283021       0.254377640704003     
 -0.190541512273162      -0.216803186884256       0.322302010814714     
 -0.283186841487086      -0.145317071043259       0.374809513223537     
 -0.347894393120392      -0.251373430761907       0.356307796686975     
 -0.445697636431174      -0.285781902315748       0.288448553570134     
 -0.452283200046815      -0.171169295791079       0.335019368530035     
  0.435668737611451      -0.174026690421404       0.397803330834760     
 -0.474714530365320      -0.119414957499578       0.461311193335083     
 -0.371163344112809      -6.282561397406965E-002  0.409963284976431     
 -0.414598206107560      -3.344751499733333E-002 -0.474713915732985     
 -0.470897872604560       2.361894263136693E-002  0.427036119977278     
  0.465758128428573      -1.827244220195335E-002 -0.478164555956787     
  0.364654594414612       2.810932346045869E-002 -0.435160535335310     
 -0.310385191572114      -0.380074907136259      -0.131376387623459     
 -0.276937561954168      -0.459891677283405      -0.223200933966613     
 -0.297037641492908      -0.466755775836455      -0.349829139551981     
 -0.253345690898621      -0.362800555611378      -0.303342126678377     
 -0.357199700656885      -0.338711570758842      -0.364640288631413     
 -0.329924661785535      -0.402013276079337      -0.464612730147001     
 -0.444832847977722      -0.450415404688052      -0.493561707698972     
 -0.349999354239578      -0.462916626721085       0.432190229699090     
 -0.467924529368349      -0.485891401079002       0.393781172719006     
  0.443952427288181       0.428868873061387       0.389419616388479     
  0.325944439826858       0.399769401951334       0.386129152129406     
  0.367559088356489       0.490085089919820       0.316844795751312     
  0.410716244901184       0.377808022867351       0.283584961201172     
  0.459678942255058       0.475875728384948       0.228582831884270     
  0.357427424300164       0.436172726860952       0.175954283989535     
  0.339069255845657       0.350921806525658       8.364221285050544E-002
  0.457642704054214       0.226703985457517       7.502717690313694E-002
  0.427957940019558       0.305554539035537       0.166734911096848     
  0.317378937469230       0.326391646462365       0.227902257574003     
  0.329316437265609       0.234409067104213       0.138179869409350     
  0.256977252012391       0.260440211626485       4.657353225710296E-002
  0.212028428553536       0.348400102124523       0.121024858242220     
  0.204734779506413       0.275671475690660       0.219833938609541     
  0.137753716432396       0.377441642763447       0.218337957674630     
  0.233743919201845       0.385048601966391       0.295222015397767     
  0.227675422541265       0.452184378948759       0.183949434872988     
  0.295330398148872      -0.438916487856421       0.186945297196197     
  0.310256888026918      -0.350494953358886       0.270757107553864     
  0.353345136104598      -0.392567282911688       0.380956416929476     
  0.451228993558462      -0.415115524585992       0.306803072470905     
 -0.468036901549566      -0.377942720763474       0.216236683648667     
  0.466713831420339      -0.273105915509189       0.183917786433061     
  0.172260359823515      -9.888563224286841E-002  0.481507756026249     
  0.129412613750927       7.155360033823208E-003 -0.485786458351654     
  0.151637391161603       5.991650660282168E-002 -0.379200022670732     
  0.155385680003056       0.129383511464511      -0.277183484349674     
  4.940542803232047E-002  8.788412371020879E-002 -0.318692883624657     
  9.738856586485224E-002 -2.247923396386619E-002 -0.277477057231030     
 -1.473644938436319E-002 -5.937390450445613E-002 -0.249114969426803     
  5.397267773382813E-002 -0.133862620732939      -0.312711838125886     
 -3.585837947629667E-002 -0.213372968487273      -0.274884664719913     
  4.987973933984612E-002 -0.261430105333523      -0.202303234356770     
  6.095851850268844E-002 -0.205053258833702      -9.392504549090863E-002
  2.346027978011713E-002 -0.322766689410283      -6.395992027869091E-002
  1.046609247983689E-002 -0.377625526772296      -0.172684707752254     
  0.101946056108757      -0.447417898059686      -0.211078638059430     
  6.011420920323357E-002  0.440448393502411      -0.223082822267138     
  0.183552303058274       0.427406560238759      -0.227793068616065     
 -0.145738097653537      -8.507458263452406E-004  8.916728616805233E-002
 -6.256232305873553E-002  8.738347214268494E-002  8.101240007652080E-002
 -4.913662873740727E-002  0.186671772196234       1.066526193540802E-002
  3.951583615364578E-002  0.106794150862960      -1.833490878299631E-002
  6.991767517330581E-002  0.155922125251188       8.833898325492817E-002
  0.117113565087429       0.267509015167855       0.123362325723429     
  0.197948285391815       0.177278880439674       0.140222450292395     
  0.129363478015391       0.102067197112381       0.208834316197803     
  1.927236703858934E-002  5.775287623182599E-002  0.199949766636045     
  0.106034350111205       6.091366326502322E-003  0.281591905067755     
  0.185387663983160      -3.087660703690738E-002  0.362319928407297     
  0.297473306587158      -2.112222146848472E-002  0.304107690789511     
  0.350570640138369      -8.343388623544998E-002  0.398709460965801     
  0.293047332154567      -0.171570177990820       0.464992380749052     
  0.246177367563997      -0.132699712463017       0.352741927881003     
  0.160307299003405      -0.110644054595284       0.259066193147132     
  0.383887854296133      -0.127753899124409      -0.467340120716934     
  0.417627804361941      -5.918835445222755E-002 -0.362024143545531     
  0.471509127134103       4.478977262982162E-002 -0.326578046319560     
 -0.463232022727492      -5.881001009751807E-002 -0.356887788896785     
 -0.390511420051208       4.099486697123428E-002 -0.354247081814594     
 -0.376309936071237      -4.815465442494907E-002 -0.266619683446363     
 -0.405398827709841      -0.109068340412571      -0.164328296097083     
 -0.338687657869024      -7.064054583784311E-002 -7.165296364650253E-002
 -0.363386435761493      -0.105725183597446       4.058592897633762E-002
 -0.331423622736153      -0.216820423382354       9.825892827262046E-002
 -0.453662799478153      -0.205247642673501       8.250707288795167E-002
 -0.423897448958110      -0.199811950428232       0.202003548111885     
 -0.376944280213834      -0.308566321079013       0.160411800354840     
 -0.367815004634136      -0.426782954750391       0.115700224271351     
 -0.271660755368285      -0.430476431295443       0.190621489132528     
 -0.282260232922193      -0.338735209181747       0.282168185386770     
 -0.283999983049465       0.111920304735959      -2.925405309684012E-002
 -0.242575391702138       0.209107607259939      -0.102017540173034     
 -0.279706265475324       0.169724301180139      -0.214404951160032     
 -0.395157555970085       0.222537736710675      -0.233791173919240     
 -0.390353014452339       0.149305915463761      -0.130986658059080     
 -0.384385599941300       7.350856536667842E-002 -0.232305145764722     
 -0.472361743313542       0.144660338678759      -0.280776416316192     
  0.457946987810218       0.156565021132335      -0.388426830463727     
 -0.496308082581455       0.254407745256086      -0.455767318919890     
  0.409483379103795       0.222723020044442       0.475709483344388     
  0.448914620896499       0.104579253853692       0.471623766777042     
 -0.436954809016712       0.131423785256931      -0.498097177728984     
 -0.316217888637238       9.355331910444928E-002  0.472904374803610     
 -0.294653172641179       2.032826431679296E-002 -0.430910062393460     
 -0.289572016435275       0.111807584958524      -0.350842942576474     
 -0.286982724175343       0.181772959383030      -0.450848469640245     
  5.997392667515807E-002 -0.390700557215555       0.297348694277675     
  7.870904384876400E-003 -0.390078024408085       0.187394417888302     
  7.768395228018965E-002 -0.361797879216538       9.282195467459210E-002
  1.089141559684387E-002 -0.261594994097441       5.749737596517366E-002
 -8.020315729485003E-002 -0.276584366002496      -1.992807791919927E-002
 -9.475331400453929E-002 -0.173569090599694       5.352714974026470E-002
 -0.101102085937543      -0.284057337054070       0.110586332315347     
 -0.134094631990363      -0.365615656815635       0.202706337615435     
 -0.215804670544381      -0.272806665386069       0.199693586434137     
 -0.219426483083592      -0.163035736185788       0.134704988621914     
 -0.323754673681714      -0.102893723609665       0.159672510513433     
 -0.309256728185629      -0.196321810077139       0.242633021888939     
 -0.283755158674471      -7.749880599245366E-002  0.274221948684201     
 -0.169643213766952      -4.385805049210842E-002  0.290203952829608     
 -0.139819917542955      -8.485984183951584E-002  0.178666035857828     
 -0.235816424938759      -8.631335918789639E-003  0.168555632382107     
  0.330596317961162       0.178245320625913      -0.418095763814887     
  0.397660888428594       0.282616572401074      -0.406250331617770     
  0.491041400114411       0.253791667110560      -0.323668288969364     
  0.488919418921730       0.250671014496444      -0.203673832411775     
  0.410272676870015       0.181875890284840      -0.271087153478949     
  0.392922176700772       0.207931669293406      -0.145337086578359     
  0.360402176767382       9.041813449220935E-002 -0.142864835268776     
  0.256593062776159       6.218211836099757E-002 -0.196751984370371     
  0.148425618432537       2.880671230281460E-002 -0.157371299034778     
  2.836540286696266E-002 -6.698440231712789E-004 -0.141152989958942     
  5.653941036608041E-002  0.104986202232528      -0.200522092692585     
  7.817185895411972E-002  0.222248424861580      -0.230502015874999     
  0.115150131881082       0.335201910342599      -0.282445934362073     
  0.134946017382620       0.396510728593035      -0.390050833500668     
  0.122386407830098      -0.482719324442753      -0.377403105871543     
  4.716258789466758E-002 -0.396422660769159      -0.330102045401975     
 -0.788060719127088       0.473624320978586        1.93544121646994     
  0.856489494192443      -0.741047736225163        1.57149622864358     
 -0.871188892985397      -0.432071628433542      -6.960213222812706E-003
  0.407247066221356       -2.87714045809864       -1.34820909961715     
  0.873454158406128       -2.79958859725911       -1.80011910578752     
  0.207117152235282      -0.622249066043525      -0.237314193411074     
  0.580885380834979        1.47324887887957      -0.218277473504877     
   1.25806277198243       3.526418223869709E-002  0.318470463571195     
 -0.574779200521566      -0.428426253733691        1.96941663196614     
   1.14217106136027      -0.630235403743442      -0.323955170061401     
 -0.308957890356472      -0.683852255296348      -3.339262037757973E-003
 -0.763542486825774       -1.71934429397092       0.357813068240662     
  0.139463421546465       0.923712425266020       7.691509079459380E-002
 -0.733034385826148       0.571549240480591      -0.555180616009858     
   1.24001222692216       -1.77924081368645      -0.985284836979149     
 -4.607934234009853E-002 -0.575334386025984        1.75808874742928     
 -0.237193964005670       0.418034229248909       0.150614575894939     
   1.87122278411429      -0.914896346277104       -1.05939099264707     
  0.327508122168973       0.293581560309526       0.244841655553983     
  0.706253151374236       -1.42722712893416      -0.389363416643968     
   2.21951192606343       0.399855993870586      -0.213921421643981     
  0.576912721331862       0.866443564643017      -0.974282380074376     
  0.292099358460691       -2.79620225208060       -2.14583368475788     
  0.449160116101871        1.47002094996920      -0.508113718759978     
  0.587897746065837       0.965212073116770       0.292148612060896     
 -0.175787744601841        1.18092399436256      -0.405194810560302     
 -0.403217260338459       0.216345702023120       0.306834561589900     
 -0.540064378036153       0.702403928519115       -1.95540408552824     
 -0.149953248616685      -0.717831910587913        2.21361004926718     
 -0.588227109852671       -1.17511051613276       -1.00246081113658     
  3.736827708477988E-002  -1.29597960082274      -0.757320874379191     
  0.984514511783421       0.592525325472584       -1.15719227618737     
 -0.834053235429778      -0.319373029054546       0.269814692663711     
 -0.408620364783746        1.00492109105977       -1.84739170029482     
  0.202969736194101        2.47491682231373      -1.730935630241914E-002
  -1.04840920618778       0.116552451338246       0.335099248660713     
  0.163808661647243      -0.143433280419760        1.83190086997755     
   1.03135637668467      -0.252624050286846       0.462459900660926     
  -1.28277479241351       0.112485000385857        2.30857641418187     
 -0.817735700001950      -0.288909891002088       0.179926773231241     
 -0.828377301049782      -0.884477642903920      -0.535427812557220     
   1.30960496081711      -0.584669158841207       -1.26670575065312     
  0.578737461804974      -0.313358407779741      -0.533746619519152     
 -0.860451333451172      -0.745721185229712        2.29694149811315     
  0.261029756941943       6.207740421564867E-002  0.162232498796976     
 -0.768960207616607       7.787134212909474E-002   1.19655180003369     
  0.167918153704737       -1.23231968243735        1.00324337514644     
   1.22922848069921        1.16340139282200       -1.17055438494665     
  2.195003417272096E-002  -1.30960804450522       -1.49096420262387     
 -0.313692813419453       0.987421387293489      -0.508081706256024     
   1.09771576439839      -3.457949404541805E-002 -0.574740484996569     
  0.626146269781180        2.92448800744122       -1.33885151958321     
  1.942971549659134E-002  0.487316182394185       0.797310649322023     
 -0.647283514728003        1.19945832593001       0.987268725195707     
  0.989888980517135       0.260195603258124       0.125841333723400     
 -0.259846426355603       -1.89816758650199       0.816914929452453     
  1.488758473666540E-002   2.57966122784192        1.24295042174350     
  0.865831566848224       0.895772457146492      -0.214649856190236     
  -1.49245087995327       -1.25907600325634       0.293979541067870     
   1.08137761088637      -0.657509045304653        1.71548879728548     
 -0.196371940967509      -0.381312529219666       0.998450549594546     
  0.985973150403327       0.530048224447556       0.215317868143279     
  0.861199778449280      -0.200760944273261       0.453690020818165     
  0.564162747921943      -0.705468312116860      -0.646610738068326     
  0.859755150679116       0.357556975550959       4.791605577497043E-002
 -0.954071860810570       0.652192990241048      -0.981647638126960     
  -1.05831704563225       0.717311207246456        1.57176189521609     
 -0.112518350218832       0.265971298728240       0.293330769076279     
  1.414406348860048E-002  0.989038272731705      -0.136434513877255     
  -1.63048405121272       0.866716860847965        2.41900008124685     
  -1.21711982364889      -3.464392710707043E-002  0.470733546607008     
 -0.298833005933745       0.523673558870704      -0.230194594457596     
  -3.23326546989209       -1.70559077744687       6.301615493991197E-002
 -0.653509043424573       -1.77186235852291      -0.822550406903403     
  0.598062132073702      -0.455738581921023       0.409838160461938     
 -0.770683640872584       0.839582988672365      -0.992159398282885     
  0.617870563372937       0.526885566426108       0.335225687785237     
   1.36288743295401        1.80053696423564       -1.67385008174266     
  -1.27926907354874       -2.55551471396116       0.784007160575523     
  0.784073250693578      -0.300046725447467      -0.189844141741353     
  0.167554609932927       0.223236505310137       -2.20091765688407     
  0.365185352296629      -8.310418129666719E-002 -0.513465689072986     
  0.894893420283639      -7.907073728003861E-002  -1.05915665733886     
 -0.196367572004160        1.47608965329422      -0.948360533782968     
  -1.93508130006690      -0.116452489976010      -0.106033566690015     
  0.594497346497646      -5.179698504569807E-002   1.06477687631224     
 -0.753629697878592       -1.05226709134806      -0.513670410449716     
 -0.803209090634993      -5.636726270480397E-004  0.562204554927813     
   1.44496752387316       0.182291184859543      -0.485279197175975     
  -1.22112293976702       -1.78592080028105       -1.76629383693763     
  0.761561330036395       -1.42033270873474       0.752999734229287     
 -0.972681605166742        1.34047780270257       0.337129553386081     
 -0.710398892796116        2.02883558120625      -0.517930077184851     
   2.76129848614771       -1.05719733959656       3.774041089818114E-002
 -0.456042134363667       0.661120266337757        1.49544283412234     
 -0.786795890217790       7.319248575675091E-003 -0.180180762326625     
   1.05412840993091       -1.27596854394294      -0.593293950494854     
   1.40369637902247       0.669723538361334       0.189316292590278     
 -0.868498359144977       -1.76434712146535        1.83346507308415     
 -0.585053136430425       -1.28418677232073       -1.60800514706265     
  0.584180228054958       -1.25600113576350       0.752475831906382     
 -0.985196355974124        1.00866555459235       -1.65319639737924     
  0.394821397513410       5.744905758186070E-002  0.622086538854592     
  0.304235005113281       0.776283772139766       -1.11975852753318     
 -0.810405712854188      -0.249759443546832      -0.333765950927617     
 -0.655742448718291       0.811478133124901        1.01111108237103     
   1.76635426026429      -0.633475880636758        1.30248845915689     
  0.392247384483311      -0.641351445355061       0.124758350823788     
  0.924042107109167      -0.282697226947197        1.29868482565579     
 -0.237281407320317       0.239818127612401      -0.697163842907015     
   1.93921707900747      -0.847315445611567       -1.44252897429207     
  0.953785189740920      -0.633254267414316      -0.113873596835770     
   1.19718034523658        1.78129557001127       7.507551962290426E-002
  0.228752200949198       0.441035705772959      -5.532346044613279E-002
 -0.587373220620339       6.308419089146944E-002  -1.57316174924126     
 -0.715632060058887        1.87769534420512      -0.518793911771728     
  -1.38045619570779       0.208649492696548       0.104333977564031     
  0.554003987807511      -0.395916521062333        1.27721057746360     
  -1.40816025333823      -0.676261155785774        1.50838855477845     
 -0.792628354925443      -0.927314589058831      -0.215048142451983     
  0.509342019084178       0.518581565261499      -0.392454658309187     
 -0.118183789079837       -2.20554215833487      -0.101158440746661     
  0.979019909616416      -0.455495304586794       -2.17948387892036     
  0.920126036691250      -6.434611871746587E-002  0.212848091103530     
  -1.48280060458374       3.050578022170236E-002 -0.445832549407226     
  -1.54861575123435       0.713527628132345       -2.51186627124698     
  -1.07093159270997       0.462792996418697       -1.47737046613409     
 -0.285032471717335       0.142958559738704       5.621622800472666E-002
 -0.835994918552902       -1.27223010500360       0.434300198025294     
  0.380788301384728      -0.589326201262254      -0.331526702051559     
 -0.836184941177814       -1.24255392272901       -1.25198350003526     
  -1.62397346881218       5.310050901988084E-002  0.285590824904227     
   2.08799130922725       -1.29787123434865      -0.935869424007706     
   1.56716757156674       0.764140724991821       0.597518220286440     
  0.864895568332038       0.759700533210716       1.062365261494946E-002
   1.18498876316875        1.17480409880039       0.222879260046694     
 -0.387816252682372        1.21211516928053        1.38056249939541     
 -0.401606993078190       0.435267342429346      -0.270016587745066     
  -1.92978606070588      -0.554532960271185      -0.486316188817136     
 -0.214975693338835       0.957009199811351       0.952295296173645     
 -0.566121267842376       0.390358493609833       -1.12965150918178     
 -0.929711201331286      -0.916876142219135        1.16096489849003     
   1.22664619979304       0.187084342612703      -0.417680134901168     
  0.286552538881498      -0.843803685741039        1.23962679549887     
 -0.376872850589499       0.263277096221236      -0.452571238870652     
  -1.00199586510374       0.671176798572356      -0.895468907358649     
 -0.179381002890604       0.240090470650298      -0.276047468379735     
 -0.139629759857198        1.35859404570799      -0.627035294738839     
  0.126557065507826      -7.983464624555692E-002 -0.974445803203358     
   1.15424270948198       0.514724609980463      -0.902558473403522     
  0.249913064094144      -0.851785482105953       0.399027738708957     
 -0.799227588662482       0.443817547738562       -1.42412738796491     
   1.87958180206327       1.011393347343059E-002 -0.778641704041109     
   1.57013635964425       0.285949622090291        1.04688251283382     
  0.389355805466261       -1.24471440074405      -0.343040948710881     
 -0.166291042563873        1.12005424197330       0.671497850048224     
 -0.167236080861471      -0.961897508403580       0.686689610519667     
 -0.521352719130805        1.20187292432724      -0.150274763470411     
  -1.35432651233503      -0.315408856545665      -0.506380299226748     
 -0.544878356620788      -0.601917907830159       8.378348371003408E-002
  0.157572550519655       0.849788666457552      -0.123197951826353     
  3.463001417330336E-002  -1.52066430994396        1.37088395251554     
 -0.496214349027010       5.783001706159729E-002  0.513216662135041     
 -0.256474075486007       -1.34726907558900       0.850975008405766     
  0.762265486124242       0.701103668628403       0.859011504425129     
  0.462681521901284      -0.386030752684791       0.314483163949587     
  0.616105242981604      -0.152570129568695       -2.32219025789237     
  0.157017788725055       0.363177307704852      -0.256056082489945     
  -1.05999808023360       0.232640676787981      -0.446641769313277     
 -0.996678596649751       0.500842259034412       -1.98558852553817     
  -1.25375025539834        1.14891615540726       0.841931630582220     
 -0.953039053469978      -0.318171169852581       0.374295687856145     
  0.255308538407076      -0.725675340081473      -0.493753573804786     
  0.347619372211791       -1.14373090152842        1.26948775541068     
 -0.217219931744867      -0.238860698904201       0.419956634068654     
  2.102884758077746E-002   1.30378529040374       0.459900298631718     
   1.75740129628755      -0.132587887209979       9.138988819248617E-002
  0.462793766875945        2.14879106148126       0.656332024258131     
 -0.506201897805321       0.773267110656536       2.838825993707783E-002
 -0.844822053608360       0.519003293711842      -0.714934382178548     
   1.79409209840256       0.235166563959607       0.952660203660110     
  0.251210403944629      -5.276443961611932E-002 -0.271721781179687     
 -0.282933263657882      -0.788669686643269       -1.97498961419248     
 -0.678606667122114      -0.810127849818970       0.998508911744167     
   1.41567110747968       0.950245162657762      -0.294199668573338     
 -4.285696540461925E-002 -0.744891432162250      -0.675670324040133     
 -0.944575745421357        2.46654708218848      -0.454698890406416     
 -0.155725581911101      -0.620487743530893        1.65364605756014     
 -0.777748709754776      -0.732026394732471      -0.367495567721508     
   2.23212538253641      -0.316240020809247      -0.478385544407989     
  0.323947902054307       -2.64286705679652      -0.617544132670510     
 -0.665159727061490      -0.866022817741679      -0.564080844644561     
 -0.901627440999921       8.610728481554664E-002  0.717495434043933     
   1.60846157260000       -2.71512006966950       -1.02075882474857     
  0.205235603201293       -2.89771182349995       0.512214210310215     
   1.25011242665578       0.698722951068874       0.272470667984190     
  0.897262915580625        2.43102338441692       0.859645004637157     
  0.485836955680463       0.828084657532379        1.42545381181082     
   1.15325857323339      -0.527640960949386       0.133959890689421     
  0.392153187602107       0.162494566692797       0.711145331083633     
 -0.343493763649362      -0.985419863032280       0.450337059836803     
 -8.322325458563483E-002 -0.668210396686142       -1.35895723925569     
 -0.420899552341711      -0.360623104528753       0.503111721687500     
  0.744070268299098        2.02463007131990       0.348207161999930     
   1.03705616551640        1.70674192391941        1.79181317804706     
 -0.686310994110483      -0.400650215599540        1.06640058824938     
  -1.01987262424426      -0.196093702743318       0.952642802973562     
  0.316141002328960       -1.79824024420757       0.492508795194840     
   1.10835504122040      -0.510539737015149      -0.529998698794982     
 -0.384163135609673       -1.14827629466641       0.142401430484315     
  5.877564199082397E-002  0.933807347178684       0.500887976135112     
  0.925191039657668        1.77329904178227      -0.389905573098275     
  0.673236458369770       -1.65310342650506       2.221560807230727E-002
  0.237010643719680        2.21173049324482       -1.67447424083957     
  -1.53140847777064      -0.716219789235888      -0.378467104494762     
  0.706648437201190       -1.97301431228912      -0.138431571176790     
  0.179837679629332        1.72894738022299       -1.40999449785193     
  0.868549139941539       0.281418575941420       6.251358990856154E-002
  0.488376777747763      -0.134054289567713       -1.38459856406824     
 -0.634389402611647       -2.49825974824989        1.27515540982551     
 -0.947737166845045      -0.393232184311059       0.214534944813256     
  -1.78862455725762      -0.157459085190604        1.30261429097193     
   1.56571043081437        1.42442684028432      -0.173236228235766     
   1.52163684420024       0.439962206735789       0.451243162722559     
 -0.712763055742973       -1.26710561947164       -1.58190540257221     
  0.268200087251091      -0.371529098507259       0.168109196886272     
  0.156833980681067       0.106472657945643       0.104641970148274     
 -0.316026089363176        1.02749177817522       -1.45513721622133     
  0.654032129340027       0.407941827522451       9.297890481469584E-002
  0.565085090060775       0.285783586617419       0.832595984083962     
 -0.441669508391152        1.32480003549460      -0.181547560805005     
  0.437152134739865       0.330878071372482        1.03638810928370     
 -0.703439992075373       0.284671689730489       0.439925898262697     
 -0.325402641100185       0.337887385560519      -0.485698292610680     
  0.781225315596519      -0.153655672747018      -0.381160841548965     
  -1.97027110466950       0.135127126301517       0.872958857112250     
 -0.566073517260342      -0.142012353199849       -1.19903535207928     
  0.345166532113244       -1.18165471841504       0.181346432466846     
  0.307401024076460       0.948309093114649       0.925305691942533     
  0.210794479548468      -0.401994766843494      -0.246272338861373     
 -0.780818823550628      -0.151322291013814       0.961884841640967     
  6.411958770134116E-002 -0.131907456128746       -1.63797372777556     
 -0.366941398851191      -0.287679868495679       -1.03543051059137     
 -0.530811511419447        1.29727188692689        1.35241842305898     
  0.749616100363378       -1.05607573460930      -0.856596785848177     
 -0.714114713998370       0.985147763421699       0.905032931956359     
 -0.269930410539269       0.281659309763937        2.48558222555950     
 -0.312185589592643       4.578354993442391E-002  -2.06790792969427     
  -1.08663389599211       0.382458912953092      -0.405846101470983     
  0.555265510036081      -0.370528006495075        1.58774441835532     
  0.628958518355008       0.184390945077699        1.35086495746431     
  -1.70478039676791        1.26605872087883      -0.823856294451366     
 -8.907403080780951E-002  0.551177427677730      -0.309462161437015     
  -1.09515397988447       0.196155124674907      -0.632241972202899     
  -1.33860953982928       -1.76273970448100      -0.242244424227290     
 -5.128791019351819E-002  0.567765243671727        1.72159246093457     
  -1.64307107511645      -0.256061690682366       0.153559324863494     
  0.719784762350295      -0.119352945422226       -1.86623045420936     
  0.516797658430401      -0.549448825385907      -0.913964475874160     
 -0.730218370496879        1.66705923704672       0.910616511884754     
 -0.701445987518410        1.17635449311891      -0.449563831699765     
  0.317846921592254       -2.41356648586767       7.751878615284058E-002
 -7.893144171345101E-002  0.707504964553487        1.54655516525085     
   1.30577197571528      -0.752547730514203        2.28238531793306     
 -0.181135280845403        1.05565784264296        1.03151413649927     
  -1.98680846410348       0.813114201781098       0.480686535874812     
 -0.240761985810074        1.06694890615700       -2.03292649847462     
 -0.572382457307121      -0.132497999834035      -0.250617420277854     
 -0.538889212009012      -0.179939803963488       -1.71676197325841     
  -1.88022248079044        1.06594398556798      -0.526719278726179     
  -2.12246457251344       0.281726098473129      -0.192710762597461     
  -2.36384618517026      -0.905635456406002        1.10633017501019     
  2.806294232103362E-002  0.753908486552519      -0.814680448379165     
   1.42976123171614       -1.81542271449159       -1.48877649262984     
 -0.863302906663873        1.25871432475897        1.01535723363727     
  -1.02761228946803       0.415024834545499        1.07966892255770     
   1.24796835414017      -0.504302740406582        2.10671875664067     
   1.04553427614281       0.445608962842619       0.441577640875462     
 -1.633402258563210E-002 -0.936403753607195       4.645633734048282E-002
  0.770111783847531        1.34304019786067       -1.29992748191881     
 -8.195474045633533E-002  -1.45977375217674       0.202399325678253     
  0.560382061092427      -0.246754022655032       0.870253904954034     
 -0.817717816804822       0.806313179297939       0.240575862658133     
 -0.260130469508882       0.690867886841008       0.842735871963553     
  0.505216761494955      -0.218892969594207      -0.694754473890806     
  0.291299691604295       0.106870003029826        2.54140560361927     
  -2.01694464816743        1.00958503600332      -0.359205303194688     
  2.528907273839454E-002  -1.18205997729343       0.735673603134508     
  0.236974075007806      -0.967771957825551       0.797339040911708     
   1.80283478149008       -1.23553130967649      -0.729364053719252     
 -0.190368883841669      -3.321890993038598E-002 -0.348639206283410     
  -1.08195990445653      -0.883935957241727        2.06706498819187     
  6.940218879656113E-002  -1.59794123935471       0.746051680631405     
 -0.244217013455060       0.477020395553118       0.237333169190693     
  -1.82598363240552      -0.242289680030112       0.697476175646177     
  0.456486159785699      -0.882884261989883      -0.630043870116291     
  0.613797959885292       -1.01050018747457      -0.262416281221940     
  -1.50902353830469       0.802350777427814       3.016679066930008E-002
 -0.289027653377033        1.62617689500339       0.721668130630298     
  0.654045642971299        1.02375085947499       -1.37200595385611     
  8.297994863620817E-002 -0.386208152938962       -2.55252511072620     
   1.55570021773665       -1.20896198831778       0.181719928496426     
 -0.767028829327276        1.08779148895036       0.945060822871316     
   1.60316833273086       0.808073174561362       0.850196109681904     
  0.792481430853113      -0.751549326278255       -1.13151534636558     
  -1.18438273952978      -0.660716785207196      -0.260006644105098     
  0.562327015073860       0.753517912112671       0.120711042417129     
  0.914980396034817        1.27860793810633       -1.68521376995845     
 -0.341935228554539       0.420051424900813      -0.741550580259968     
   2.14939331769589        1.70742177875224      -0.376262811607391     
  -1.21356604439787        1.38838034933644       0.290036686145100     
 -0.281985903106079        1.30711370740689       0.443622703001499     
  -1.59528362171195       0.394896352394731       0.876582708072138     
 -0.198950999553977       0.351198162355693       3.479499892334026E-002
 -0.227047639529666       -1.76990029756727      -0.140297625921490     
  0.382758635838999       -1.20173434864136      -0.980694160414971     
  2.061457753362905E-002  -1.01052473587938       -2.61485254510025     
 -1.167239447036161E-002   1.31286025616272       0.347856200679757     
  0.501839407953667      -5.612864710720977E-003   1.63271365789744     
   1.86364905244226       -1.64779148884200      -0.140024811494156     
   1.75339663415768       -1.51147741849303       -1.75090548220782     
   2.24516144853215       -1.05087952091525       0.938932977149888     
  -1.36397676661054      -0.202013686439462        1.12700002356086     
  -2.74171495512813      -0.348420399590064      -0.492539957655952     
 -0.372300686473293      -0.114739787284492      -0.243810294688621     
  0.744488040440686       -1.52224200683489       0.982562243319229     
 -0.142812775435806       0.275488782400758        1.58030702453405     
 -0.745007578979461       -1.18494391969367       0.255170687355012     
   1.03133662286682       0.451038523778702       -1.07974137984403     
   1.55047126546072        1.05291552933290       -1.39575923719319     
 -0.338596534865627        2.13555110784904      -0.930483236014285     
 -0.468863295397354      -0.262365555472570       -1.29354992183225     
 -0.800903694962116        1.35411376675160       -1.30626003116980     
 -6.801108404695588E-002  0.673539459493639        1.74910329170308     
  -2.21654817785585      -4.163545055332651E-002  -1.07268518438206     
  0.458540291616357       -1.41981439206367      -0.456443725913231     
 -0.586645814442730        1.18477011128501      -0.904429221562693     
  0.524393631012193      -0.864621683925679       0.600095805158906     
  -1.02196472183453       0.280991518701133      -3.402306895680518E-002
  0.528761395594358      -0.768960406592360      -0.823206580197652     
  0.272148209550183      -0.147855411190579      -0.395027888393260     
  0.635566906259715        1.11288206637364        2.76132619828480     
  -1.46330215895122       0.139240842697538        1.21691593745127     
  0.874620677569654      -0.525000674844422       0.267279269829462     
   1.63432596891848       0.558147617026673       -1.02588166006008     
 -0.554954990185101      -6.714604314151806E-002 -0.793739883264918     
  0.104513703516086      -4.653159211483232E-002  -1.23433507004182     
   1.28336712196757       0.708956081409808        1.55522547523217     
 -0.997421304377258      -2.986035345971305E-002   1.81296092908388     
  0.524353401561416        1.44025687168595       -1.25622008167282     
 -0.963432633097898       -1.13417904649456       0.653355982983640     
  0.828070915152733       0.146866626218771      -0.132641546986613     
  -2.08387079630579        1.25316840085408       0.851403633299482     
  -1.39741304693611       0.677154376153113       0.497695681605964     
 -0.669202779157796       0.624729470151054       -1.07709249232260     
   1.15691474646623       0.603492013395018        1.27731710340271     
 -0.713763848947908      -0.150743532719570       -1.40839181405995     
 -0.574340024152115      -0.555938049051968      -0.353302701687362     
  0.110355774555742       0.330795387981842       3.245148757138935E-002
 -0.422330012433609       -1.43881615133570       -1.17309351320893     
  0.173199269891525       2.957059450494631E-002  0.487075509971616     
  0.299762036190444      -0.150481013313128       0.800128248094294     
 -0.636764738154368       0.900623301854454        1.61353391563764     
  0.312471940235335        1.45744549912777        1.36120638870389     
 -0.404938922939024       -1.69758909463676       0.145351408467257     
 -0.501860971631691      -0.613960854704286       0.626021769490058     
 -0.671896135161111        1.02242210913054       0.300263056005695     
  0.592230143699211      -0.214839903044997        1.38628849706831     
   1.47378770522284       0.544848811526089      -0.857706438370840     
  0.980194826136673      -0.488240415661076        1.27710915804813     
   1.15735357179974      -4.957788468336477E-002 -0.296600351062483     
  -1.34455911434227      -0.307388531033442      -0.211203098514420     
  -2.20479960314640       0.449477850991872       0.248618573066423     
 -0.301999333442335       0.996740559177720       -1.53414622172777     
   1.72097926899914      -5.120633130274999E-004   1.13329231833093     
  0.608259540991938      -0.991060301400286        1.42859014439168     
  0.637936520505430       -1.18121620942840       0.567738750307024     
   1.24463847419578        1.40351815673429       -1.21517017308472     
 -8.515309209062893E-002  0.290836701448327       0.750149639095734     
  0.216161327162317       2.957775040239463E-002  0.477632253170235     
  0.118683772747024       -1.03743887559930       -2.73058248700972     
 -0.360947247247754       0.637119499757700      -0.523589580429540     
   1.69183438583378       0.437411947305862        1.42607221874038     
 -0.228974852314931       -1.68997616253591        2.35962257773992     
 -0.504405076654479      -0.149385138435869        1.56916761803126     
  0.323119800768315        1.10718574494915       -1.44783742657291     
   1.01916073307115      -6.296543943922089E-002 -0.433874258930801     
  0.379227676584413       0.169708825442697      -0.994180815623727     
  0.852801551897429       0.566374301226466        1.02278946602374     
 -3.298055297211333E-002 -0.874617019283667       0.237987056229180     
 -0.823518360613573       0.320335833969328      -0.950332045315540     
  0.153172544901044        2.32642146856358       0.339896334202979     
  0.423568565513059       0.399424291669264       0.677819418548406     
  -1.36538612015630       -1.08843215472685       -1.43857736533050     
  0.558516704059186       -1.00007322553576       0.472871928789833     
  0.846975698743588       -1.09425204004812       0.651162701673129     
  0.216043290883697        1.05893870716863      -0.263036244274861     
  0.110179652244453       5.817658108044343E-002 -0.518214390698682     
 -0.933265782979724       0.705892474883039       0.780297913206263     
  6.909663725899451E-002  -1.21152007643955       -1.31513609797413     
 -3.514150843794944E-002  0.419876110104675       0.399929678654709     
 -0.472958388342376      -0.432418910009489      -0.435242954684448     
  0.590320893653801       -1.07315383456834      -8.172726487080739E-002
  -1.14716192002325       0.982177720606091       0.654578658387234     
 -0.278938780382915       0.713907112427944      -0.740620526654149     
  -1.21358621073730       0.498380334672128       -1.95343542084497     
 -0.688920731021678      -0.563330845905873      -0.461100880695765     
  -2.07891543533098      -0.225590983042116      -0.962001931413355     
 -0.795790724585017       -1.04623500197520      -0.593874462541527     
 -0.818633944620639       0.125334297054738       -2.03794665241547     
  -1.67149525718342      -0.780665955439625       -1.41655831425260     
 -0.985583563933682      -0.645124942548218       -1.88548164882965     
   1.18771465354120       -1.65599421624264      -0.673231508431575     
   1.56392953807856        1.37990459002104       -1.32323625811532     
   1.39595475268678        1.28403921367500        1.60028086406412     
  -2.17378550325654      -0.354881091339965       7.463160522442433E-002
 -0.758630813578909       0.353494715964106      -0.595080540907596     
 -0.965433792817821       0.158848500841508       2.252448635235373E-002
  0.196692754116944      -0.114723472783934       0.614768348079451     
  0.703525027971024      -0.608316082741856      -0.279674437565917     
  -1.55668529651535      -0.778710441758693      -0.653754180427466     
  -2.42571557672854       0.521184736886655       0.341586694111510     
 -0.922263045148727       0.832155040460751       0.182969447973660     
 -0.235795761168983       0.845568290801116       -1.51506534103959     
  -1.22815914791145       7.102922721939964E-002  4.079221182375459E-002
 -0.903993413595859        1.69367464893356        1.45569449660708     
 -0.282488015831387       0.281282125971802       -1.56825714162449     
 -1.631649235513064E-002  0.314090719208513      -0.128277064672329     
 -0.330585931219163       0.307716576785909       0.338071242502926     
  0.228781944942216        1.37332425932487      -0.766847761103827     
 -0.762672834336756       0.891716231513968      -0.301786433145408     
   2.26849885942398      -0.203229001177610       0.138191822974087     
 -0.298834511273609      -7.495886412800135E-002 -0.105252233557467     
   1.00038554893875       0.538837158350474       0.914191786545230     
 -0.141191685217831       0.839954976796595      -0.432396599165681     
   1.80552901151505      -0.382227097028989       0.353207955923275     
 -0.180638095088631      -0.705109961774082       0.975802949049576     
  0.480467025510160      -0.502896981592609       -1.65758586147942     
  -1.60157014945128        1.15658605245969      -0.696678810388310     
  0.728547915546098      -9.083722048436549E-002 -0.379439886032300     
  0.366960433300737       0.776800805062526        1.03284013302715     
 -0.359493070683277       -1.79636657984231        1.59903204157365     
  -1.19319700380027       0.193484075589482        1.63273290616591     
 -0.384536938977985       -1.26041677661708       -1.00445995605741     
   1.43536801082623        1.72528963000622      -0.454441328625081     
 -0.957882911840080       -1.96917218533997        1.34897013922527     
  -1.21503220336631       7.892368107793868E-002  6.382834983659125E-002
  6.135431596507424E-003 -0.650662720958002        1.41988478668998     
 -0.791102548549946       0.839696266660155        1.35174010215079     
  0.706657328066643        1.02499701001159      -7.214341784929446E-002
 -5.111008573852371E-002 -0.397090872561286      -6.191075298668047E-002
  0.380863419328844       0.165192815630456      -0.602123218022100     
   1.11338049405581      -0.782572952340409       -1.03725330073269     
  -1.17121785232371       0.226509997619139       -1.68120035646626     
  3.497627755610955E-002 -0.216725091112825      -8.969448805944280E-002
   1.07332484947473      -4.767301937262158E-002   1.58660071673180     
 -5.367959773392494E-002  -1.83840761067189       0.523287018706220     
 -0.268149620345060      -8.357700198088747E-002  -2.11425853977256     
 -0.845193296618913        1.48093462575106      -0.293178895944330     
   1.02167884220092      -0.296184860951834       0.950807529706214     
  0.655454374061416       -1.73521763028136       0.226958972249622     
 -0.826644903292623      -0.611837523643703        1.39325238768251     
  0.921249272354114      -0.679403182887029       0.751010492686724     
 -0.267512197225003       0.834380528714401        3.35932966468320     
   1.26224019462209      -0.456318021138799      -0.703123624212659     
 -0.691300348338890       0.193760272007886       -1.00360352136679     
   1.08533296527748       -2.35231240744515       0.182006702687862     
  -2.01120024437773      -0.833111797079017      -0.612155403750542     
  0.936273796955575       2.987152828439787E-002 -0.135719035428439     
  0.958416011401773        1.96704577999465       0.256074129065847     
 -0.327988006202304       -1.51496074319031       0.504821249466994     
  0.123201637692069      -0.104369253823036      -0.974549387170687     
 -0.277985358469103      -0.806160098933645       0.177303395134588     
 -0.779428287964014       0.744130250361554      -0.470636651894611     
  0.700512232184286        1.45417931801650        1.34318558851777     
  -1.12636558287571       3.151969364480367E-002 -0.712676948003100     
  0.180680100479797       0.513365290678981      -0.190124854498981     
   2.13418013325734      -0.293148946659697      -0.519427059128473     
  0.933378963763905       0.740538435732433       0.318051438597274     
  0.317463339573986       -1.37617146689659      -0.162079203886890     
  0.512958480010100       0.117290596972718      -0.465602616581020     
  0.711821632436558       -1.24560616329001       -1.35261888831288     
   1.08177185888793       0.691436272025426       0.936881215112365     
  3.032240990464641E-002   1.05436791278481       -2.08567684136701     
  0.488088966406940       0.668707629147277      -0.319340767335196     
 -0.361269519189662      -0.589028184926553       0.443254097792105     
 -7.080167880493060E-002 -0.905830015690062       -1.17613086709464     
   1.45562595933166      -0.331926942889767      -0.289658418368776     
 -0.349056030997741       0.603548068157683        2.04951869366270     
  0.794546433916055      -0.155096937032937       -1.58522053989156     
  0.531974270835714        2.03495749067238       0.327183886883907     
  0.515583805473024      -0.613945204965737        1.03311818082953     
  0.474527602378305       0.651661939612276      -0.325286984872690     
 -0.779190359117270      -0.680408927556837       0.629900545826017     
   1.32941122400732        1.13638787726358       0.944949272895313     
  2.185154872963313E-002   1.24106460367757       0.656453579948797     
  0.384098239466223       0.787895573525237      -0.461043222494704     
   1.53371167914041       -2.38407254997985       0.361272146231788     
   1.93310864068331      -7.239418776372353E-003 -0.251379643452523     
  0.621721121872136        2.48589423775370      -0.223381961549937     
   1.48853220506834       0.350732551529029       0.646778591679795     
  7.019142041706505E-004  0.789361625034046       0.204224604529740     
   1.10718992081503        1.20079799754864       0.532112561905675     
 -0.803909326961145      -0.571181892366948      -0.127719605862947     
  -1.49251660560794       0.615847942030860      -0.622172731482533     
 -0.662504262163849      -0.201064796583039      -0.848214883679027     
   1.36780210054487       2.210597438475118E-002  9.591258439477079E-002
  0.781674753722933       -1.29823270451480        1.69418581810616     
 -0.314149048187721       0.244415639289766       0.797997931853901     
 -0.106742041666932        1.33152344931377       0.604274711814960     
  -1.09529086365471       0.828488647329131       0.779156966556441     
 -0.918625451445633       -1.47417877840060      -0.510286374348377     
</PRE>
