89
40
75
80
53
73
64
57
53
29
30
61
78
62
49
54
54
45
35
49
55
92
57
46
55
38
54
63
61
57
65
40
57
60
59
60
55
66
63
55
56
56
56
51
50
89
70
52
70
44
53
58
61
62
50
43
44
60
60
56
61
47
60
77
80
61
23
81
65
81
47
62
93
54
42
50
64
72
53
42
55
35
63
64
57
50
48
56
62
64
28
11
81
56
35
48
69
44
82
34
57
46
63
43
36
37
40
45
53
49
29
58
56
53
41
50
69
67
59
74
50
58
50
21
1
51
64
80
63
59
59
72
43
29
61
48
44
36
19
48
69
22
42
65
41
54
73
48
80
36
45
72
48
49
53
58
56
78
25
37
69
53
68
47
34
73
77
76
46
52
32
42
64
54
37
58
55
71
56
62
27
54
76
52
43
50
62
46
16
64
47
31
52
55
16
61
29
29
68
66
53
71
62
51
22
30
62
41
53
50
5
19
30
42
47
35
57
23
24
39
59
68
74
46
42
12
37
41
60
37
72
31
64
61
63
45
24
29
64
54
21
10
65
67
44
29
25
63
31
38
64
53
22
41
35
22
12
42
69
13
29
55
42
41
57
59
34
31
53
28
27
51
41
46
44
45
24
37
46
28
56
40
50
45
41
48
51
43
32
67
41
15
77
47
49
49
54
65
33
70
47
28
38
25
47
47
47
62
52
38
24
11
16
39
54
75
54
45
45
62
63
66
28
66
30
15
63
30
8
32
37
27
45
24
37
46
52
36
56
47
36
35
25
39
30
38
30
60
42
65
44
35
18
44
27
43
49
22
40
47
53
46
23
31
37
55
57
44
64
29
12
49
14
48
43
47
36
43
34
27
70
15
11
48
26
36
25
7
61
57
16
33
51
38
38
43
41
47
20
56
24
56
47
61
61
23
18
30
30
73
30
10
42
56
30
48
37
49
62
72
48
58
55
61
44
56
50
38
41
55
41
40
36
37
35
34
29
24
30
33
65
17
54
72
46
8
17
33
36
14
25
49
35
39
17
35
44
45
30
22
68
25
56
31
25
35
25
13
31
58
31
26
26
55
30
46
31
59
39
70
50
38
45
25
36
40
34
68
26
30
29
24
47
1
35
38
30
22
37
36
32
34
16
50
32
41
57
63
30
34
30
14
36
36
22
25
53
34
62
54
35
43
46
16
47
18
27
33
52
25
21
55
29
44
60
18
39
23
31
46
42
19
52
51
41
33
60
24
22
39
35
6
53
24
19
27
25
32
59
18
36
45
50
36
51
45
45
32
36
37
51
58
33
41
39
37
14
22
9
37
34
29
19
63
42
57
44
5
1
51
23
6
46
19
41
18
49
20
16
44
