15
39
21
27
34
21
37
25
33
50
53
28
26
23
34
24
24
34
52
33
35
17
36
39
22
41
27
19
22
22
36
41
32
34
19
28
34
39
27
25
26
26
22
33
46
27
24
41
39
32
32
28
27
25
41
37
35
34
26
31
20
43
23
20
25
24
55
30
22
27
43
36
18
33
36
50
36
22
38
37
43
75
26
30
30
33
35
34
24
38
61
69
22
31
50
33
50
59
30
65
35
48
22
40
41
42
45
42
38
31
59
52
41
36
51
34
18
23
24
43
28
30
30
56
80
28
51
26
42
23
33
38
51
61
45
37
40
56
80
34
35
63
35
31
45
24
26
38
38
48
41
44
29
32
33
31
39
39
58
41
35
39
49
44
43
31
26
36
31
35
57
35
23
37
60
32
32
27
37
42
53
67
26
36
48
33
36
35
62
28
46
53
45
38
73
27
68
59
21
29
38
42
29
46
69
53
52
50
37
66
74
76
49
45
36
56
51
72
76
53
47
34
33
39
36
65
44
76
39
66
45
60
34
46
52
61
75
65
36
33
67
89
38
42
35
56
79
45
50
78
50
41
61
58
44
69
97
51
31
67
57
63
36
40
31
46
55
53
38
55
72
50
50
30
43
40
68
41
41
63
30
69
28
44
39
30
42
44
63
38
38
74
30
68
32
59
27
34
70
34
34
65
47
65
58
40
50
41
32
59
65
97
64
38
68
39
49
59
41
42
35
47
72
50
48
94
47
82
101
48
54
84
51
73
42
54
32
53
58
53
48
54
54
60
71
54
77
27
41
39
34
49
77
36
52
51
36
90
49
58
49
53
79
64
49
46
49
40
42
49
79
52
89
68
42
52
41
36
69
84
34
95
72
34
62
42
52
107
45
40
79
91
60
43
41
55
58
48
70
50
55
46
44
41
43
76
69
58
69
30
68
69
36
60
67
39
49
38
44
38
33
40
43
45
76
40
37
44
44
37
48
37
51
43
51
75
51
57
55
60
45
71
53
43
59
120
83
79
55
85
62
46
56
70
73
68
52
47
58
63
39
77
42
63
76
53
62
83
53
57
56
67
61
35
75
44
51
50
69
40
52
54
41
53
65
74
46
43
77
61
65
60
35
116
65
81
69
65
50
68
78
49
69
45
51
74
39
48
58
62
89
65
52
57
68
70
52
80
39
42
52
51
52
76
68
88
80
55
49
54
63
55
51
65
42
80
58
73
45
57
59
58
52
42
74
54
38
74
73
74
44
90
42
87
84
88
51
74
44
64
63
47
49
70
47
67
68
67
66
73
56
47
69
39
71
66
83
93
74
67
48
86
63
43
55
41
46
77
103
47
77
99
63
70
57
84
56
69
96
56
