75
80
87
88
97
103
86
88
91
98
105
80
79
80
108
85
96
79
89
103
93
112
90
95
94
83
79
75
79
93
103
90
77
63
71
71
94
85
85
104
76
67
66
109
77
95
86
61
95
86
75
69
90
106
93
95
82
90
65
98
86
89
91
84
89
108
90
95
98
93
91
93
79
92
84
62
92
98
64
77
82
92
86
95
83
94
115
93
94
78
76
78
75
83
110
75
94
64
88
108
71
50
68
102
76
68
89
68
71
83
111
102
102
88
93
103
105
92
72
73
82
89
86
83
114
113
94
86
86
94
83
65
99
68
87
103
97
95
61
124
106
81
119
100
90
60
98
90
75
103
95
82
102
102
84
74
115
79
71
79
95
74
99
104
95
84
105
72
109
99
90
102
72
129
79
111
104
114
85
105
115
102
90
73
93
90
90
115
82
111
71
80
80
92
77
71
114
114
88
68
89
68
107
112
109
89
110
102
91
83
87
96
91
76
55
96
95
108
82
98
108
80
84
118
110
107
95
88
92
71
95
98
79
71
106
67
111
60
118
116
101
116
87
80
86
82
75
87
89
103
79
83
65
92
79
106
56
104
81
113
114
97
87
82
85
80
77
79
104
134
97
88
72
82
76
102
93
93
122
91
111
77
83
98
76
79
98
94
92
73
106
81
114
101
72
90
91
74
92
91
67
83
98
87
78
77
82
109
90
67
80
95
78
94
74
89
90
113
114
70
84
84
74
101
80
89
119
88
79
97
99
118
80
92
111
83
97
104
71
78
109
83
67
90
104
81
103
69
93
92
118
77
102
94
76
90
87
86
111
91
104
81
75
71
79
97
89
90
67
101
84
65
87
79
91
75
69
87
95
67
108
67
74
65
75
87
83
75
91
96
97
84
74
100
99
88
92
81
63
82
78
63
79
86
76
87
80
70
79
95
100
99
96
91
71
92
90
90
104
80
97
81
94
94
101
78
101
79
75
74
104
89
77
76
86
84
65
70
74
72
88
78
113
58
87
65
94
87
72
99
72
83
106
80
67
64
71
72
76
81
91
65
85
71
53
71
61
103
79
82
73
80
74
105
109
98
74
68
106
112
84
92
62
75
74
70
92
74
97
88
114
102
75
76
79
86
107
101
90
63
78
85
89
96
100
72
96
70
80
94
87
114
85
102
93
89
82
76
86
83
101
72
78
61
76
80
79
83
103
88
91
98
103
103
84
89
85
89
84
95
88
84
82
132
70
74
92
59
104
114
69
90
78
109
65
80
89
92
73
93
79
99
80
102
115
101
97
89
83
86
113
93
81
93
85
102
85
93
87
82
80
68
80
105
94
69
103
92
101
113
76
66
107
81
73
102
79
67
107
69
