73
74
67
50
109
68
97
64
87
74
60
80
101
87
53
76
68
109
78
79
56
50
96
82
49
108
71
103
85
84
95
119
126
92
64
70
123
82
127
101
94
127
50
110
114
116
116
99
101
118
102
95
123
66
90
81
84
130
101
87
116
70
116
89
53
60
96
86
129
104
81
113
116
118
64
123
100
93
102
80
94
87
121
91
89
119
86
101
107
119
99
85
96
99
88
131
78
96
103
90
97
98
61
95
90
87
61
88
114
97
106
97
95
100
98
97
77
100
64
83
113
83
90
92
56
102
72
84
85
84
89
104
116
108
80
113
85
105
75
76
95
81
96
81
75
77
91
78
85
121
102
92
102
109
112
83
83
102
73
84
115
96
79
82
81
106
110
104
91
104
89
74
91
86
90
107
89
105
89
78
95
75
59
80
60
71
107
69
117
94
90
106
82
87
75
88
92
68
59
95
93
91
111
93
88
75
92
84
95
117
108
101
95
81
114
118
123
108
100
117
95
116
96
94
75
117
104
105
95
97
101
95
124
92
111
95
123
112
107
115
120
98
92
89
106
114
96
93
119
110
101
107
104
94
122
66
106
119
100
123
115
86
107
106
113
117
98
91
109
114
85
101
107
95
88
66
101
108
104
101
103
110
100
121
111
91
96
110
107
110
95
106
102
118
93
113
118
88
97
111
118
106
100
104
87
102
103
97
98
99
114
95
76
94
90
108
100
101
103
93
105
102
89
123
104
92
105
107
94
99
98
78
122
96
93
91
98
105
121
86
98
99
92
97
93
110
94
92
120
73
89
113
102
92
121
90
100
108
115
98
103
93
111
113
115
118
108
109
73
95
104
106
109
96
99
105
118
93
115
104
110
117
115
94
96
117
109
111
103
100
108
111
91
113
96
99
108
112
107
90
