         1246
         2         53      0.200
         2         64      0.200
         3         56      0.200
         5         52      0.200
         6         51      0.200
         7         49      0.200
         7         51      0.200
         9         24      0.200
         9         50      0.200
         9         52      0.200
        10         24      0.200
        10         49      0.200
        11         20      0.200
        11         21      0.200
        11         22      0.200
        11         30      0.200
        11         36      0.200
        11         43      0.200
        11         44      0.200
        11         50      0.200
        11         52      0.200
        12         22      0.200
        14         19      0.200
        14         20      0.200
        14         37      0.200
        14         40      0.200
        14         41      0.200
        14         44      0.200
        19         60      0.200
        20         61      0.200
        21         60      0.200
        22         30      0.200
        22         36      0.200
        22         37      0.200
        22         40      0.200
        22         63      0.200
        23         28      0.200
        23         29      0.200
        23         62      0.200
        29         34      0.200
        36         50      0.200
        36         63      0.200
        36         66      0.200
        39         66      0.200
        39         68      0.200
        40         63      0.200
        40         66      0.200
        42         68      0.200
        43         48      0.200
        43         50      0.200
        43         66      0.200
        43         68      0.200
        48         68      0.200
        50         66      0.200
        50         68      0.200
        51         67      0.200
        51         69      0.200
        52         63      0.200
        52         66      0.200
        53         64      0.200
        53         65      0.200
        54         61      0.200
        54         63      0.200
        54         64      0.200
        55         62      0.200
        55         64      0.200
        56         61      0.200
        57         63      0.200
         1          8      0.068
         1          9      0.068
         1         10      0.091
         1         11      0.136
         1         12      0.023
         1         14      0.023
         1         20      0.023
         1         21      0.023
         1         22      0.091
         1         23      0.068
         1         24      0.023
         1         25      0.023
         1         26      0.023
         1         27      0.023
         1         29      0.023
         1         31      0.023
         1         34      0.023
         1         35      0.023
         1         36      0.023
         1         40      0.023
         1         41      0.023
         1         44      0.045
         1         47      0.023
         1         49      0.023
         1         53      0.023
         1         54      0.045
         1         59      0.045
         1         63      0.023
         1         66      0.045
         1         67      0.045
         1         68      0.045
         1         69      0.045
         2          8      0.068
         2          9      0.045
         2         10      0.045
         2         11      0.091
         2         12      0.068
         2         14      0.045
         2         16      0.045
         2         19      0.023
         2         20      0.091
         2         23      0.045
         2         24      0.023
         2         26      0.023
         2         27      0.023
         2         29      0.023
         2         33      0.023
         2         34      0.045
         2         52      0.023
         2         53      0.023
         2         54      0.045
         2         55      0.091
         2         56      0.045
         2         57      0.045
         2         58      0.023
         2         59      0.091
         2         61      0.023
         2         62      0.023
         2         64      0.068
         2         69      0.045
         3          8      0.023
         3          9      0.023
         3         10      0.023
         3         12      0.045
         3         13      0.023
         3         14      0.023
         3         15      0.023
         3         16      0.023
         3         23      0.023
         3         24      0.045
         3         25      0.068
         3         26      0.091
         3         27      0.068
         3         28      0.023
         3         31      0.023
         3         33      0.045
         3         34      0.023
         3         35      0.045
         3         36      0.045
         3         37      0.023
         3         38      0.023
         3         41      0.023
         3         52      0.023
         3         54      0.136
         3         55      0.068
         3         57      0.023
         3         58      0.023
         3         59      0.045
         3         60      0.023
         3         61      0.023
         4          9      0.114
         4         11      0.023
         4         12      0.023
         4         14      0.023
         4         15      0.023
         4         16      0.045
         4         20      0.045
         4         22      0.023
         4         24      0.068
         4         26      0.045
         4         27      0.045
         4         28      0.023
         4         29      0.023
         4         30      0.023
         4         32      0.023
         4         34      0.045
         4         36      0.023
         4         37      0.023
         4         40      0.023
         4         48      0.023
         4         51      0.068
         4         52      0.023
         4         53      0.068
         4         57      0.045
         4         58      0.023
         4         59      0.023
         4         60      0.045
         4         61      0.023
         4         62      0.023
         4         63      0.023
         4         64      0.023
         4         66      0.023
         5         10      0.023
         5         11      0.068
         5         12      0.045
         5         14      0.045
         5         16      0.045
         5         19      0.023
         5         20      0.068
         5         22      0.068
         5         23      0.045
         5         24      0.091
         5         25      0.045
         5         26      0.114
         5         27      0.068
         5         28      0.045
         5         30      0.023
         5         31      0.023
         5         32      0.023
         5         36      0.045
         5         38      0.023
         5         40      0.023
         5         45      0.023
         5         48      0.045
         5         50      0.023
         5         51      0.023
         5         52      0.182
         5         53      0.045
         5         54      0.182
         5         55      0.068
         5         56      0.023
         5         63      0.023
         5         64      0.023
         5         65      0.023
         5         66      0.023
         5         67      0.023
         5         68      0.045
         5         69      0.023
         6         11      0.023
         6         12      0.023
         6         13      0.023
         6         14      0.023
         6         15      0.023
         6         16      0.023
         6         19      0.023
         6         21      0.023
         6         22      0.023
         6         23      0.114
         6         24      0.091
         6         25      0.068
         6         26      0.114
         6         27      0.045
         6         28      0.023
         6         33      0.023
         6         49      0.114
         6         50      0.023
         6         51      0.159
         6         53      0.045
         6         55      0.068
         6         56      0.023
         6         57      0.023
         6         63      0.023
         6         69      0.023
         7         12      0.023
         7         13      0.045
         7         14      0.023
         7         16      0.023
         7         20      0.045
         7         21      0.023
         7         22      0.045
         7         23      0.159
         7         24      0.114
         7         25      0.068
         7         26      0.114
         7         27      0.045
         7         28      0.023
         7         33      0.023
         7         34      0.023
         7         49      0.068
         7         50      0.045
         7         51      0.023
         7         52      0.068
         7         53      0.023
         7         54      0.023
         7         55      0.068
         7         56      0.023
         7         57      0.023
         7         58      0.023
         7         63      0.023
         7         69      0.023
         8         13      0.045
         8         18      0.023
         8         19      0.045
         8         20      0.136
         8         21      0.227
         8         22      0.068
         8         23      0.341
         8         24      0.045
         8         25      0.068
         8         27      0.023
         8         28      0.023
         8         33      0.045
         8         34      0.023
         8         35      0.068
         8         37      0.023
         8         46      0.023
         8         47      0.114
         8         48      0.023
         8         49      0.136
         8         51      0.045
         8         53      0.182
         8         54      0.068
         8         55      0.136
         8         57      0.045
         8         58      0.068
         8         60      0.045
         8         62      0.023
         8         63      0.068
         8         64      0.023
         8         65      0.045
         8         67      0.023
         8         68      0.023
         8         69      0.023
         9         14      0.068
         9         16      0.023
         9         17      0.023
         9         20      0.227
         9         21      0.068
         9         22      0.386
         9         24      0.432
         9         26      0.091
         9         27      0.023
         9         28      0.045
         9         30      0.023
         9         31      0.068
         9         32      0.068
         9         33      0.091
         9         34      0.114
         9         35      0.023
         9         36      0.091
         9         37      0.023
         9         38      0.023
         9         39      0.023
         9         40      0.045
         9         44      0.023
         9         45      0.114
         9         46      0.068
         9         47      0.114
         9         48      0.159
         9         49      0.023
         9         50      0.227
         9         51      0.023
         9         52      0.136
         9         54      0.068
         9         55      0.023
         9         57      0.045
         9         59      0.023
         9         62      0.045
         9         63      0.045
         9         66      0.045
         9         67      0.023
         9         68      0.068
         9         69      0.023
        10         16      0.045
        10         18      0.114
        10         19      0.136
        10         20      0.091
        10         21      0.182
        10         22      0.114
        10         23      0.227
        10         24      0.136
        10         25      0.045
        10         26      0.023
        10         28      0.045
        10         29      0.114
        10         30      0.023
        10         33      0.045
        10         34      0.023
        10         35      0.045
        10         37      0.023
        10         46      0.023
        10         49      0.045
        10         51      0.182
        10         52      0.068
        10         53      0.136
        10         54      0.023
        10         58      0.023
        10         59      0.045
        10         63      0.114
        10         64      0.023
        10         67      0.068
        10         68      0.045
        11         16      0.023
        11         17      0.023
        11         18      0.023
        11         19      0.068
        11         20      0.295
        11         21      0.091
        11         22      0.386
        11         23      0.114
        11         24      0.341
        11         25      0.068
        11         26      0.045
        11         27      0.023
        11         28      0.045
        11         29      0.023
        11         30      0.045
        11         31      0.023
        11         32      0.068
        11         33      0.068
        11         34      0.114
        11         35      0.023
        11         36      0.136
        11         37      0.023
        11         38      0.045
        11         39      0.068
        11         40      0.068
        11         42      0.023
        11         43      0.068
        11         44      0.045
        11         45      0.045
        11         46      0.091
        11         48      0.182
        11         49      0.159
        11         50      0.205
        11         51      0.136
        11         52      0.091
        11         54      0.045
        11         58      0.023
        11         60      0.023
        11         63      0.045
        11         64      0.068
        11         65      0.023
        11         66      0.114
        11         67      0.045
        11         68      0.068
        12         17      0.068
        12         18      0.114
        12         19      0.227
        12         20      0.273
        12         21      0.182
        12         22      0.136
        12         23      0.182
        12         24      0.091
        12         25      0.045
        12         28      0.023
        12         29      0.023
        12         36      0.023
        12         37      0.023
        12         38      0.023
        12         40      0.045
        12         41      0.023
        12         42      0.068
        12         43      0.023
        12         44      0.045
        12         45      0.045
        12         46      0.068
        12         48      0.045
        12         49      0.159
        12         50      0.045
        12         51      0.023
        12         52      0.045
        12         53      0.023
        12         55      0.023
        12         63      0.023
        12         64      0.023
        12         65      0.023
        12         66      0.023
        12         67      0.045
        12         68      0.068
        12         69      0.091
        13         18      0.068
        13         19      0.159
        13         20      0.159
        13         21      0.091
        13         22      0.114
        13         23      0.136
        13         24      0.023
        13         25      0.023
        13         26      0.023
        13         29      0.023
        13         30      0.023
        13         32      0.023
        13         36      0.045
        13         37      0.091
        13         39      0.045
        13         42      0.023
        13         43      0.023
        13         44      0.023
        13         45      0.023
        13         46      0.136
        13         47      0.114
        13         48      0.159
        13         49      0.045
        13         50      0.023
        13         52      0.091
        13         53      0.023
        13         54      0.023
        13         55      0.023
        13         56      0.023
        13         58      0.045
        13         63      0.023
        13         64      0.023
        13         65      0.023
        13         66      0.023
        13         67      0.045
        13         68      0.068
        13         69      0.159
        14         19      0.295
        14         20      0.318
        14         21      0.205
        14         22      0.159
        14         23      0.136
        14         24      0.045
        14         25      0.023
        14         28      0.068
        14         32      0.045
        14         33      0.045
        14         34      0.023
        14         37      0.068
        14         40      0.068
        14         41      0.045
        14         42      0.114
        14         44      0.114
        14         45      0.114
        14         46      0.159
        14         47      0.182
        14         48      0.136
        14         49      0.114
        14         50      0.068
        14         51      0.045
        14         52      0.068
        14         54      0.023
        14         55      0.045
        14         56      0.023
        14         57      0.023
        14         60      0.023
        14         63      0.023
        14         64      0.023
        14         66      0.045
        14         67      0.136
        14         68      0.068
        14         69      0.250
        15         20      0.159
        15         21      0.114
        15         22      0.023
        15         23      0.045
        15         24      0.023
        15         26      0.023
        15         28      0.023
        15         33      0.068
        15         41      0.023
        15         45      0.023
        15         46      0.068
        15         47      0.023
        15         48      0.023
        15         50      0.023
        15         52      0.023
        15         53      0.023
        15         54      0.023
        15         56      0.023
        15         57      0.023
        15         64      0.023
        15         67      0.023
        15         68      0.023
        15         69      0.068
        16         21      0.159
        16         22      0.023
        16         23      0.045
        16         24      0.023
        16         25      0.023
        16         26      0.023
        16         29      0.023
        16         33      0.045
        16         34      0.045
        16         36      0.023
        16         37      0.023
        16         44      0.023
        16         46      0.023
        16         49      0.023
        16         51      0.023
        16         54      0.023
        16         55      0.023
        16         57      0.023
        16         66      0.045
        16         68      0.023
        17         31      0.023
        17         33      0.045
        17         34      0.023
        17         35      0.023
        17         36      0.023
        17         37      0.045
        17         42      0.023
        17         44      0.023
        17         46      0.023
        17         54      0.023
        17         56      0.023
        17         63      0.023
        17         66      0.023
        17         69      0.023
        18         29      0.023
        18         31      0.045
        18         32      0.068
        18         33      0.114
        18         34      0.045
        18         35      0.068
        18         37      0.045
        18         38      0.023
        18         39      0.023
        18         40      0.023
        18         41      0.023
        18         45      0.023
        18         47      0.045
        18         48      0.045
        18         51      0.023
        18         52      0.023
        18         54      0.023
        18         55      0.023
        18         69      0.114
        19         28      0.068
        19         30      0.045
        19         31      0.114
        19         32      0.023
        19         33      0.136
        19         34      0.068
        19         35      0.045
        19         37      0.091
        19         39      0.045
        19         40      0.068
        19         41      0.045
        19         42      0.023
        19         44      0.068
        19         45      0.023
        19         46      0.045
        19         49      0.045
        19         51      0.068
        19         52      0.045
        19         53      0.045
        19         58      0.023
        19         60      0.045
        19         67      0.091
        19         68      0.091
        19         69      0.114
        20         28      0.023
        20         29      0.023
        20         30      0.023
        20         31      0.068
        20         32      0.091
        20         33      0.136
        20         34      0.205
        20         36      0.159
        20         37      0.114
        20         39      0.045
        20         40      0.182
        20         41      0.023
        20         42      0.091
        20         44      0.045
        20         45      0.136
        20         46      0.091
        20         48      0.091
        20         49      0.045
        20         50      0.182
        20         51      0.045
        20         52      0.182
        20         53      0.023
        20         54      0.091
        20         57      0.023
        20         61      0.023
        20         62      0.023
        20         63      0.068
        20         64      0.023
        20         66      0.045
        20         67      0.023
        20         68      0.091
        20         69      0.045
        21         28      0.091
        21         29      0.068
        21         30      0.068
        21         31      0.045
        21         33      0.068
        21         34      0.045
        21         37      0.068
        21         38      0.023
        21         39      0.068
        21         42      0.023
        21         43      0.023
        21         44      0.068
        21         49      0.114
        21         50      0.068
        21         51      0.136
        21         52      0.023
        21         53      0.068
        21         57      0.068
        21         60      0.023
        21         62      0.023
        21         63      0.068
        21         64      0.023
        21         65      0.023
        21         66      0.068
        21         67      0.068
        21         68      0.023
        21         69      0.091
        22         27      0.023
        22         28      0.045
        22         29      0.114
        22         30      0.068
        22         31      0.045
        22         32      0.114
        22         33      0.045
        22         34      0.227
        22         35      0.023
        22         36      0.114
        22         37      0.045
        22         38      0.023
        22         39      0.045
        22         40      0.114
        22         44      0.023
        22         45      0.091
        22         48      0.091
        22         49      0.045
        22         50      0.205
        22         52      0.295
        22         57      0.045
        22         58      0.023
        22         59      0.023
        22         63      0.136
        22         64      0.023
        22         66      0.182
        22         67      0.068
        22         68      0.114
        22         69      0.068
        23         28      0.114
        23         29      0.182
        23         31      0.045
        23         33      0.045
        23         34      0.045
        23         35      0.045
        23         36      0.023
        23         37      0.045
        23         47      0.023
        23         48      0.068
        23         49      0.114
        23         51      0.045
        23         53      0.091
        23         54      0.023
        23         55      0.091
        23         58      0.091
        23         59      0.023
        23         62      0.045
        23         63      0.045
        23         65      0.045
        23         66      0.023
        23         67      0.045
        23         68      0.068
        23         69      0.023
        24         29      0.205
        24         30      0.182
        24         31      0.159
        24         32      0.159
        24         33      0.045
        24         34      0.205
        24         35      0.045
        24         36      0.091
        24         43      0.023
        24         44      0.023
        24         45      0.091
        24         46      0.023
        24         47      0.045
        24         48      0.091
        24         50      0.114
        24         52      0.295
        24         53      0.045
        24         54      0.045
        24         58      0.023
        24         59      0.023
        24         60      0.023
        24         63      0.114
        24         64      0.068
        24         66      0.023
        24         67      0.068
        24         68      0.068
        25         30      0.068
        25         31      0.023
        25         33      0.068
        25         34      0.045
        25         46      0.023
        25         49      0.023
        25         52      0.023
        25         53      0.023
        25         55      0.023
        25         58      0.023
        25         59      0.023
        25         63      0.045
        25         67      0.023
        25         68      0.045
        26         31      0.023
        26         32      0.023
        26         33      0.045
        26         34      0.023
        26         45      0.045
        26         52      0.023
        26         53      0.023
        26         54      0.045
        26         55      0.023
        26         56      0.023
        26         58      0.023
        26         59      0.068
        26         62      0.023
        26         64      0.023
        27         32      0.045
        27         33      0.045
        27         34      0.023
        27         36      0.023
        27         40      0.023
        27         43      0.045
        27         44      0.023
        27         45      0.023
        27         46      0.023
        27         47      0.045
        27         48      0.023
        27         53      0.045
        27         54      0.023
        27         55      0.023
        27         56      0.023
        27         58      0.023
        27         60      0.023
        27         61      0.023
        27         63      0.023
        27         64      0.045
        27         66      0.023
        27         68      0.023
        28         33      0.045
        28         34      0.068
        28         36      0.023
        28         37      0.023
        28         38      0.023
        28         39      0.023
        28         40      0.023
        28         43      0.023
        28         50      0.023
        28         52      0.023
        28         57      0.045
        28         58      0.045
        28         59      0.023
        28         63      0.023
        28         64      0.045
        28         65      0.068
        28         66      0.068
        28         67      0.023
        28         68      0.136
        28         69      0.023
        29         34      0.068
        29         35      0.045
        29         36      0.045
        29         50      0.045
        29         52      0.045
        29         53      0.045
        29         54      0.159
        29         55      0.023
        29         56      0.023
        29         57      0.023
        29         58      0.068
        29         59      0.045
        29         60      0.023
        29         61      0.045
        29         62      0.068
        29         63      0.045
        29         64      0.045
        29         65      0.023
        29         69      0.023
        30         35      0.068
        30         36      0.114
        30         37      0.068
        30         38      0.023
        30         39      0.045
        30         42      0.045
        30         43      0.068
        30         46      0.023
        30         48      0.023
        30         51      0.023
        30         52      0.159
        30         53      0.045
        30         54      0.227
        30         55      0.023
        30         57      0.023
        30         58      0.023
        30         59      0.045
        30         60      0.091
        30         61      0.114
        30         62      0.159
        30         63      0.159
        30         64      0.045
        30         65      0.045
        30         66      0.023
        30         67      0.023
        30         68      0.045
        30         69      0.045
        31         36      0.114
        31         37      0.091
        31         38      0.068
        31         39      0.045
        31         40      0.023
        31         41      0.045
        31         44      0.068
        31         45      0.068
        31         51      0.045
        31         52      0.045
        31         53      0.045
        31         56      0.023
        31         57      0.023
        31         58      0.045
        31         59      0.023
        31         60      0.023
        31         61      0.045
        31         62      0.023
        31         63      0.068
        31         66      0.045
        31         67      0.023
        31         68      0.023
        31         69      0.023
        32         37      0.091
        32         38      0.023
        32         39      0.045
        32         40      0.045
        32         42      0.023
        32         43      0.068
        32         45      0.091
        32         48      0.023
        32         50      0.114
        32         52      0.205
        32         53      0.023
        32         54      0.023
        32         55      0.023
        32         56      0.045
        32         57      0.068
        32         59      0.068
        32         61      0.045
        32         62      0.068
        32         63      0.091
        32         64      0.068
        32         66      0.091
        32         67      0.023
        32         68      0.091
        32         69      0.045
        33         38      0.114
        33         39      0.023
        33         40      0.023
        33         41      0.023
        33         42      0.045
        33         48      0.045
        33         49      0.045
        33         50      0.091
        33         51      0.114
        33         52      0.023
        33         53      0.068
        33         56      0.045
        33         57      0.091
        33         58      0.045
        33         59      0.114
        33         60      0.023
        33         61      0.023
        33         62      0.023
        33         63      0.091
        33         64      0.023
        33         65      0.068
        33         66      0.068
        33         67      0.068
        33         68      0.136
        33         69      0.023
        34         39      0.205
        34         40      0.091
        34         41      0.023
        34         42      0.114
        34         43      0.114
        34         44      0.091
        34         45      0.159
        34         46      0.023
        34         47      0.023
        34         48      0.068
        34         50      0.227
        34         52      0.182
        34         53      0.045
        34         54      0.045
        34         55      0.023
        34         56      0.045
        34         57      0.091
        34         58      0.023
        34         59      0.068
        34         60      0.023
        34         62      0.068
        34         63      0.091
        34         64      0.068
        34         65      0.045
        34         66      0.136
        34         67      0.023
        34         68      0.205
        34         69      0.045
        35         41      0.023
        35         42      0.023
        35         48      0.045
        35         49      0.023
        35         52      0.045
        35         53      0.045
        35         54      0.023
        35         63      0.023
        35         64      0.068
        35         65      0.045
        35         66      0.114
        35         67      0.068
        35         68      0.068
        35         69      0.068
        36         42      0.023
        36         44      0.023
        36         45      0.091
        36         46      0.045
        36         48      0.182
        36         49      0.023
        36         50      0.068
        36         52      0.091
        36         54      0.023
        36         58      0.023
        36         59      0.045
        36         63      0.182
        36         64      0.023
        36         65      0.091
        36         66      0.205
        36         68      0.068
        37         43      0.023
        37         44      0.023
        37         45      0.023
        37         46      0.091
        37         48      0.068
        37         49      0.023
        37         50      0.045
        37         52      0.023
        37         53      0.023
        37         54      0.023
        37         61      0.023
        37         62      0.023
        37         63      0.023
        37         64      0.023
        37         66      0.091
        37         68      0.068
        38         43      0.023
        38         45      0.045
        38         47      0.045
        38         49      0.023
        38         50      0.023
        38         52      0.045
        38         61      0.023
        38         63      0.023
        38         65      0.045
        38         66      0.023
        38         67      0.045
        38         69      0.045
        39         44      0.045
        39         45      0.068
        39         46      0.045
        39         47      0.023
        39         48      0.023
        39         50      0.159
        39         51      0.023
        39         52      0.114
        39         54      0.023
        39         59      0.023
        39         62      0.023
        39         63      0.023
        39         64      0.068
        39         65      0.114
        39         66      0.114
        39         67      0.045
        39         68      0.068
        39         69      0.023
        40         45      0.136
        40         46      0.045
        40         47      0.023
        40         48      0.136
        40         49      0.023
        40         50      0.114
        40         52      0.114
        40         61      0.023
        40         62      0.045
        40         63      0.114
        40         65      0.023
        40         66      0.114
        40         67      0.045
        40         68      0.182
        40         69      0.045
        41         46      0.068
        41         48      0.045
        41         49      0.023
        41         50      0.068
        41         52      0.045
        41         53      0.023
        41         64      0.023
        41         65      0.023
        41         66      0.023
        41         68      0.023
        41         69      0.023
        42         47      0.023
        42         48      0.023
        42         50      0.091
        42         52      0.023
        42         68      0.091
        42         69      0.068
        43         48      0.091
        43         50      0.159
        43         51      0.023
        43         52      0.068
        43         53      0.023
        43         54      0.023
        43         55      0.023
        43         65      0.023
        43         66      0.045
        43         67      0.023
        43         68      0.182
        43         69      0.045
        44         49      0.045
        44         50      0.136
        44         51      0.023
        44         52      0.045
        44         53      0.068
        44         55      0.045
        44         59      0.023
        44         63      0.023
        44         66      0.045
        44         67      0.045
        44         68      0.023
        44         69      0.045
        45         50      0.182
        45         51      0.023
        45         52      0.045
        45         59      0.023
        45         63      0.023
        45         66      0.023
        45         67      0.023
        45         68      0.136
        45         69      0.091
        46         51      0.114
        46         53      0.023
        46         59      0.023
        46         60      0.023
        46         61      0.023
        46         62      0.023
        46         65      0.045
        46         66      0.023
        46         67      0.023
        46         68      0.023
        46         69      0.136
        47         58      0.023
        47         59      0.023
        47         65      0.023
        47         68      0.023
        47         69      0.114
        48         59      0.023
        48         64      0.023
        48         66      0.045
        48         68      0.386
        48         69      0.159
        49         58      0.023
        49         60      0.023
        49         62      0.023
        49         63      0.045
        49         64      0.023
        49         65      0.114
        49         66      0.023
        49         67      0.182
        49         68      0.068
        49         69      0.205
        50         57      0.068
        50         59      0.023
        50         62      0.045
        50         63      0.114
        50         64      0.068
        50         65      0.023
        50         66      0.386
        50         67      0.091
        50         68      0.477
        50         69      0.114
        51         58      0.045
        51         59      0.023
        51         60      0.023
        51         62      0.023
        51         63      0.091
        51         64      0.114
        51         65      0.182
        51         66      0.023
        51         67      0.341
        51         68      0.114
        51         69      0.318
        52         57      0.045
        52         58      0.045
        52         59      0.023
        52         60      0.068
        52         61      0.068
        52         62      0.114
        52         63      0.250
        52         64      0.273
        52         65      0.045
        52         66      0.409
        52         67      0.114
        52         68      0.068
        52         69      0.023
        53         58      0.091
        53         59      0.023
        53         60      0.045
        53         61      0.091
        53         62      0.114
        53         63      0.136
        53         64      0.136
        53         65      0.295
        53         67      0.159
        53         68      0.045
        53         69      0.045
        54         59      0.091
        54         60      0.091
        54         61      0.227
        54         62      0.091
        54         63      0.159
        54         64      0.205
        54         65      0.023
        54         66      0.068
        54         68      0.045
        55         60      0.182
        55         61      0.023
        55         62      0.091
        55         63      0.136
        55         64      0.091
        55         65      0.068
        55         66      0.023
        55         67      0.023
        55         68      0.023
        55         69      0.023
        56         61      0.023
        56         62      0.023
        56         63      0.159
        56         65      0.023
        56         66      0.023
        56         69      0.023
        57         62      0.068
        57         63      0.023
        57         64      0.068
        57         66      0.023
        58         63      0.136
        58         64      0.023
        58         65      0.045
        58         68      0.023
        58         69      0.023
        59         64      0.023
        59         65      0.023
        59         66      0.023
        59         68      0.023
        60         65      0.023
        60         67      0.023
        60         69      0.023
        62         68      0.023
        63         68      0.068
        64         69      0.045
