          834
     1     9   0.06818
     1    10   0.09091
     1    11   0.04545
     1    25   0.02273
     1    26   0.02273
     1    67   0.04545
     1    68   0.04545
     1    69   0.04545
     2     9   0.06818
     2    10   0.04545
     2    11   0.02273
     2    12   0.04545
     2    16   0.02273
     2    23   0.02273
     2    24   0.02273
     2    26   0.02273
     2    38   0.02273
     2    53   0.02273
     2    54   0.02273
     2    55   0.02273
     2    60   0.02273
     2    61   0.02273
     3     8   0.04545
     3     9   0.06818
     3    10   0.04545
     3    12   0.04545
     3    14   0.02273
     3    24   0.04545
     3    25   0.06818
     3    26   0.04545
     3    27   0.02273
     3    31   0.02273
     3    35   0.04545
     3    36   0.04545
     3    37   0.04545
     3    38   0.04545
     3    53   0.09091
     3    54   0.09091
     3    55   0.06818
     3    57   0.02273
     3    58   0.02273
     3    59   0.02273
     3    60   0.04545
     3    61   0.02273
     4     9   0.04545
     4    10   0.02273
     4    11   0.02273
     4    15   0.02273
     4    16   0.02273
     4    23   0.04545
     4    24   0.04545
     4    25   0.02273
     4    26   0.02273
     4    27   0.04545
     4    30   0.02273
     4    34   0.02273
     4    36   0.02273
     4    52   0.11364
     4    53   0.09091
     4    54   0.02273
     4    57   0.02273
     4    60   0.04545
     4    61   0.02273
     5    10   0.02273
     5    12   0.02273
     5    13   0.02273
     5    14   0.04545
     5    15   0.02273
     5    23   0.06818
     5    24   0.11364
     5    25   0.04545
     5    26   0.06818
     5    27   0.02273
     5    51   0.15909
     5    52   0.15909
     5    53   0.02273
     5    54   0.04545
     5    55   0.06818
     5    56   0.06818
     5    63   0.02273
     6    12   0.02273
     6    14   0.02273
     6    15   0.02273
     6    16   0.02273
     6    22   0.02273
     6    23   0.11364
     6    24   0.06818
     6    25   0.04545
     6    26   0.09091
     6    27   0.02273
     6    50   0.13636
     6    51   0.15909
     6    52   0.02273
     6    53   0.02273
     6    54   0.02273
     6    55   0.04545
     6    56   0.02273
     6    63   0.02273
     7    13   0.02273
     7    14   0.04545
     7    15   0.02273
     7    16   0.02273
     7    20   0.02273
     7    21   0.02273
     7    22   0.06818
     7    23   0.09091
     7    24   0.18182
     7    25   0.13636
     7    26   0.11364
     7    27   0.04545
     7    28   0.02273
     7    49   0.15909
     7    50   0.18182
     7    51   0.06818
     7    52   0.02273
     7    53   0.02273
     7    54   0.04545
     7    55   0.06818
     7    56   0.02273
     7    57   0.02273
     7    58   0.02273
     8    13   0.04545
     8    20   0.06818
     8    21   0.15909
     8    22   0.20455
     8    23   0.20455
     8    24   0.18182
     8    25   0.13636
     8    34   0.02273
     8    35   0.02273
     8    47   0.06818
     8    48   0.13636
     8    49   0.13636
     8    50   0.09091
     8    52   0.13636
     8    53   0.13636
     8    54   0.06818
     8    55   0.06818
     8    60   0.02273
     8    65   0.02273
     8    66   0.02273
     9    16   0.02273
     9    17   0.02273
     9    19   0.02273
     9    20   0.09091
     9    21   0.18182
     9    22   0.27273
     9    23   0.13636
     9    24   0.20455
     9    25   0.02273
     9    26   0.02273
     9    33   0.02273
     9    34   0.02273
     9    38   0.02273
     9    46   0.09091
     9    47   0.13636
     9    48   0.13636
     9    49   0.06818
     9    50   0.02273
     9    51   0.13636
     9    52   0.13636
     9    53   0.04545
     9    54   0.06818
     9    55   0.02273
     9    62   0.04545
     9    63   0.02273
     9    66   0.02273
     9    67   0.02273
    10    16   0.04545
    10    18   0.04545
    10    19   0.04545
    10    20   0.22727
    10    21   0.18182
    10    22   0.13636
    10    23   0.22727
    10    24   0.18182
    10    25   0.04545
    10    30   0.02273
    10    33   0.02273
    10    38   0.02273
    10    46   0.06818
    10    47   0.09091
    10    49   0.02273
    10    50   0.13636
    10    51   0.15909
    10    52   0.04545
    10    53   0.06818
    10    54   0.02273
    10    55   0.02273
    10    63   0.02273
    10    67   0.02273
    11    16   0.02273
    11    18   0.04545
    11    19   0.11364
    11    20   0.20455
    11    21   0.13636
    11    22   0.25000
    11    23   0.18182
    11    24   0.18182
    11    25   0.04545
    11    33   0.02273
    11    38   0.02273
    11    44   0.02273
    11    46   0.06818
    11    49   0.13636
    11    50   0.15909
    11    51   0.04545
    11    52   0.09091
    11    53   0.02273
    11    63   0.02273
    11    64   0.04545
    11    65   0.04545
    11    66   0.02273
    11    67   0.02273
    11    68   0.02273
    12    17   0.04545
    12    18   0.06818
    12    19   0.15909
    12    20   0.11364
    12    21   0.20455
    12    22   0.20455
    12    23   0.13636
    12    24   0.11364
    12    25   0.06818
    12    42   0.02273
    12    44   0.04545
    12    46   0.02273
    12    48   0.13636
    12    49   0.15909
    12    50   0.06818
    12    51   0.02273
    12    52   0.04545
    12    53   0.02273
    12    54   0.02273
    12    65   0.02273
    12    66   0.02273
    12    67   0.02273
    12    68   0.02273
    12    69   0.02273
    13    18   0.09091
    13    19   0.20455
    13    20   0.09091
    13    21   0.11364
    13    22   0.13636
    13    23   0.11364
    13    24   0.02273
    13    25   0.02273
    13    42   0.02273
    13    46   0.02273
    13    47   0.15909
    13    48   0.15909
    13    49   0.09091
    13    50   0.02273
    13    54   0.02273
    13    55   0.02273
    13    66   0.02273
    13    67   0.04545
    13    68   0.02273
    13    69   0.02273
    14    19   0.18182
    14    20   0.18182
    14    21   0.18182
    14    22   0.15909
    14    23   0.06818
    14    44   0.02273
    14    45   0.02273
    14    46   0.09091
    14    47   0.15909
    14    48   0.15909
    14    49   0.11364
    14    50   0.02273
    14    54   0.04545
    14    55   0.04545
    14    56   0.02273
    14    67   0.02273
    14    68   0.04545
    14    69   0.02273
    15    20   0.13636
    15    21   0.15909
    15    22   0.04545
    15    46   0.06818
    15    47   0.06818
    15    48   0.02273
    15    51   0.02273
    15    52   0.02273
    15    53   0.02273
    15    54   0.02273
    15    55   0.02273
    15    68   0.02273
    15    69   0.04545
    16    21   0.06818
    16    22   0.02273
    16    24   0.02273
    16    25   0.02273
    16    26   0.02273
    16    33   0.02273
    16    42   0.02273
    16    43   0.02273
    16    46   0.06818
    16    47   0.02273
    16    50   0.02273
    16    51   0.02273
    16    52   0.02273
    16    54   0.02273
    16    55   0.02273
    16    68   0.02273
    16    69   0.02273
    17    33   0.02273
    17    35   0.02273
    17    36   0.02273
    17    37   0.02273
    17    38   0.04545
    17    41   0.02273
    17    42   0.02273
    17    43   0.02273
    17    46   0.02273
    17    54   0.04545
    17    55   0.02273
    18    31   0.02273
    18    32   0.02273
    18    33   0.02273
    18    34   0.02273
    18    35   0.06818
    18    37   0.02273
    18    38   0.02273
    18    41   0.02273
    18    46   0.02273
    18    48   0.04545
    18    52   0.02273
    18    53   0.04545
    18    54   0.04545
    18    69   0.04545
    19    29   0.02273
    19    30   0.04545
    19    31   0.09091
    19    32   0.04545
    19    33   0.04545
    19    34   0.06818
    19    35   0.04545
    19    36   0.02273
    19    37   0.06818
    19    38   0.04545
    19    40   0.04545
    19    41   0.06818
    19    44   0.02273
    19    46   0.02273
    19    48   0.04545
    19    49   0.04545
    19    51   0.02273
    19    52   0.06818
    19    53   0.04545
    19    67   0.04545
    19    68   0.11364
    19    69   0.11364
    20    29   0.04545
    20    30   0.04545
    20    31   0.06818
    20    32   0.04545
    20    33   0.11364
    20    34   0.11364
    20    36   0.02273
    20    39   0.04545
    20    40   0.04545
    20    44   0.02273
    20    49   0.06818
    20    50   0.11364
    20    51   0.11364
    20    52   0.09091
    20    53   0.02273
    20    60   0.02273
    20    61   0.02273
    20    62   0.04545
    20    63   0.02273
    20    67   0.06818
    20    68   0.06818
    20    69   0.02273
    21    28   0.02273
    21    29   0.04545
    21    30   0.11364
    21    31   0.06818
    21    32   0.09091
    21    33   0.06818
    21    38   0.04545
    21    39   0.04545
    21    40   0.02273
    21    43   0.02273
    21    44   0.02273
    21    48   0.04545
    21    49   0.06818
    21    50   0.18182
    21    51   0.13636
    21    52   0.04545
    21    62   0.04545
    21    66   0.06818
    21    67   0.06818
    21    68   0.02273
    21    69   0.02273
    22    27   0.02273
    22    28   0.06818
    22    29   0.18182
    22    30   0.09091
    22    31   0.06818
    22    32   0.06818
    22    33   0.04545
    22    37   0.02273
    22    38   0.04545
    22    47   0.02273
    22    48   0.06818
    22    49   0.13636
    22    50   0.09091
    22    51   0.06818
    22    52   0.06818
    22    62   0.02273
    22    63   0.02273
    22    65   0.04545
    22    66   0.06818
    22    67   0.04545
    22    68   0.06818
    22    69   0.06818
    23    28   0.13636
    23    29   0.13636
    23    30   0.06818
    23    31   0.06818
    23    35   0.02273
    23    36   0.02273
    23    37   0.02273
    23    47   0.02273
    23    48   0.13636
    23    49   0.09091
    23    50   0.02273
    23    51   0.02273
    23    52   0.04545
    23    53   0.04545
    23    54   0.04545
    23    55   0.02273
    23    58   0.02273
    23    59   0.02273
    23    64   0.02273
    23    65   0.04545
    23    66   0.02273
    23    67   0.06818
    23    68   0.06818
    23    69   0.02273
    24    29   0.18182
    24    30   0.09091
    24    31   0.04545
    24    33   0.02273
    24    34   0.04545
    24    35   0.02273
    24    46   0.06818
    24    47   0.04545
    24    48   0.06818
    24    49   0.02273
    24    50   0.02273
    24    54   0.04545
    24    55   0.02273
    24    58   0.02273
    24    59   0.02273
    24    60   0.02273
    24    63   0.02273
    24    64   0.02273
    24    66   0.02273
    24    67   0.06818
    24    68   0.02273
    25    30   0.02273
    25    31   0.02273
    25    33   0.02273
    25    34   0.02273
    25    46   0.04545
    25    47   0.02273
    25    48   0.02273
    25    49   0.02273
    25    50   0.02273
    25    54   0.04545
    25    55   0.02273
    25    58   0.02273
    25    61   0.04545
    25    62   0.02273
    25    63   0.04545
    25    65   0.02273
    25    67   0.02273
    26    31   0.02273
    26    32   0.02273
    26    33   0.02273
    26    34   0.02273
    26    52   0.02273
    26    53   0.02273
    26    54   0.04545
    26    55   0.02273
    26    56   0.02273
    26    58   0.02273
    26    59   0.02273
    26    62   0.04545
    26    64   0.02273
    26    65   0.02273
    27    32   0.04545
    27    46   0.02273
    27    47   0.02273
    27    51   0.02273
    27    60   0.02273
    27    61   0.02273
    27    64   0.02273
    28    33   0.04545
    28    34   0.04545
    28    51   0.02273
    28    52   0.02273
    28    57   0.04545
    28    58   0.02273
    28    59   0.02273
    28    60   0.02273
    28    64   0.04545
    28    65   0.04545
    28    66   0.04545
    28    67   0.02273
    28    68   0.02273
    28    69   0.02273
    29    34   0.06818
    29    35   0.02273
    29    43   0.02273
    29    51   0.02273
    29    54   0.06818
    29    55   0.02273
    29    56   0.02273
    29    57   0.06818
    29    58   0.04545
    29    59   0.04545
    29    60   0.02273
    29    61   0.02273
    29    62   0.02273
    29    63   0.04545
    29    64   0.04545
    29    65   0.06818
    29    66   0.02273
    29    69   0.02273
    30    35   0.02273
    30    36   0.06818
    30    39   0.02273
    30    42   0.02273
    30    43   0.04545
    30    51   0.02273
    30    52   0.04545
    30    53   0.04545
    30    54   0.04545
    30    56   0.02273
    30    57   0.02273
    30    58   0.02273
    30    59   0.02273
    30    60   0.06818
    30    61   0.04545
    30    62   0.11364
    30    63   0.04545
    30    64   0.04545
    30    65   0.04545
    30    68   0.02273
    30    69   0.02273
    31    36   0.04545
    31    37   0.04545
    31    38   0.02273
    31    51   0.02273
    31    52   0.06818
    31    53   0.04545
    31    56   0.02273
    31    59   0.04545
    31    60   0.04545
    31    61   0.04545
    31    62   0.04545
    31    63   0.04545
    31    66   0.02273
    31    67   0.02273
    32    37   0.06818
    32    38   0.04545
    32    39   0.02273
    32    41   0.02273
    32    42   0.06818
    32    43   0.04545
    32    44   0.04545
    32    51   0.04545
    32    52   0.06818
    32    54   0.02273
    32    55   0.02273
    32    56   0.04545
    32    57   0.02273
    32    59   0.06818
    32    60   0.04545
    32    61   0.06818
    32    62   0.02273
    32    63   0.04545
    32    64   0.04545
    32    65   0.04545
    32    66   0.04545
    32    68   0.02273
    32    69   0.09091
    33    38   0.06818
    33    39   0.06818
    33    40   0.02273
    33    42   0.04545
    33    43   0.06818
    33    50   0.02273
    33    51   0.06818
    33    52   0.02273
    33    56   0.02273
    33    57   0.02273
    33    58   0.02273
    33    59   0.06818
    33    63   0.02273
    33    65   0.04545
    33    66   0.02273
    33    67   0.04545
    33    68   0.06818
    33    69   0.06818
    34    39   0.09091
    34    40   0.02273
    34    42   0.06818
    34    43   0.04545
    34    49   0.04545
    34    50   0.04545
    34    54   0.02273
    34    55   0.02273
    34    56   0.06818
    34    57   0.04545
    34    58   0.02273
    34    63   0.02273
    34    65   0.02273
    34    66   0.04545
    34    67   0.02273
    34    68   0.06818
    34    69   0.02273
    35    40   0.02273
    35    42   0.02273
    35    49   0.04545
    35    63   0.02273
    35    64   0.02273
    35    65   0.09091
    35    66   0.09091
    35    67   0.02273
    35    68   0.04545
    36    48   0.02273
    36    54   0.02273
    36    63   0.02273
    36    64   0.04545
    36    65   0.06818
    36    66   0.06818
    37    46   0.06818
    37    48   0.06818
    37    52   0.02273
    37    53   0.02273
    37    61   0.02273
    37    63   0.02273
    37    64   0.02273
    37    66   0.02273
    37    69   0.02273
    38    43   0.02273
    38    45   0.04545
    38    46   0.09091
    38    47   0.06818
    38    48   0.04545
    38    49   0.02273
    38    51   0.02273
    38    52   0.02273
    38    61   0.02273
    38    63   0.02273
    38    66   0.02273
    38    67   0.02273
    38    69   0.02273
    39    44   0.02273
    39    49   0.02273
    39    50   0.02273
    39    51   0.02273
    39    61   0.02273
    39    62   0.04545
    39    63   0.04545
    39    67   0.02273
    39    68   0.02273
    40    45   0.04545
    40    49   0.02273
    40    50   0.02273
    40    62   0.02273
    40    63   0.02273
    40    64   0.02273
    40    65   0.02273
    40    66   0.02273
    40    67   0.02273
    41    46   0.06818
    41    48   0.02273
    41    52   0.02273
    41    53   0.02273
    41    64   0.02273
    41    65   0.04545
    41    66   0.02273
    42    51   0.02273
    42    52   0.02273
    42    66   0.02273
    42    69   0.02273
    43    48   0.18182
    43    49   0.06818
    43    50   0.04545
    43    51   0.02273
    43    53   0.02273
    43    54   0.02273
    43    55   0.02273
    43    66   0.04545
    43    67   0.02273
    43    68   0.02273
    43    69   0.02273
    44    49   0.06818
    44    50   0.06818
    44    51   0.04545
    44    52   0.06818
    44    53   0.04545
    44    66   0.02273
    44    67   0.02273
    44    69   0.02273
    45    50   0.06818
    45    51   0.04545
    45    52   0.04545
    45    53   0.02273
    45    67   0.04545
    45    68   0.02273
    46    51   0.04545
    46    59   0.02273
    46    60   0.02273
    46    62   0.02273
    46    65   0.04545
    46    66   0.04545
    46    67   0.02273
    46    69   0.11364
    47    59   0.02273
    47    65   0.02273
    47    68   0.13636
    47    69   0.13636
    48    58   0.02273
    48    59   0.02273
    48    63   0.02273
    48    64   0.02273
    48    65   0.04545
    48    66   0.02273
    48    67   0.11364
    48    68   0.13636
    48    69   0.15909
    49    57   0.02273
    49    58   0.02273
    49    59   0.02273
    49    60   0.02273
    49    62   0.02273
    49    63   0.04545
    49    65   0.02273
    49    66   0.11364
    49    67   0.13636
    49    68   0.13636
    49    69   0.15909
    50    56   0.02273
    50    57   0.04545
    50    60   0.02273
    50    61   0.02273
    50    62   0.04545
    50    63   0.04545
    50    65   0.09091
    50    66   0.13636
    50    67   0.27273
    50    68   0.27273
    50    69   0.09091
    51    56   0.04545
    51    57   0.02273
    51    59   0.02273
    51    60   0.04545
    51    61   0.02273
    51    62   0.02273
    51    63   0.09091
    51    64   0.15909
    51    65   0.09091
    51    66   0.25000
    51    67   0.34091
    51    68   0.13636
    51    69   0.06818
    52    57   0.04545
    52    58   0.04545
    52    59   0.04545
    52    60   0.04545
    52    62   0.09091
    52    63   0.13636
    52    64   0.22727
    52    65   0.25000
    52    66   0.31818
    52    67   0.06818
    52    68   0.04545
    52    69   0.02273
    53    58   0.04545
    53    59   0.02273
    53    60   0.02273
    53    61   0.09091
    53    62   0.11364
    53    63   0.18182
    53    64   0.27273
    53    65   0.27273
    53    66   0.04545
    53    67   0.02273
    53    69   0.02273
    54    59   0.06818
    54    60   0.11364
    54    61   0.25000
    54    62   0.20455
    54    63   0.20455
    54    64   0.29545
    54    66   0.04545
    55    60   0.15909
    55    61   0.13636
    55    62   0.18182
    55    63   0.13636
    55    64   0.06818
    55    65   0.02273
    55    66   0.02273
    55    69   0.02273
    56    61   0.15909
    56    62   0.15909
    56    63   0.15909
    56    64   0.04545
    56    65   0.02273
    56    69   0.02273
    57    62   0.06818
    57    63   0.02273
    57    64   0.04545
    57    65   0.02273
    58    63   0.06818
    58    64   0.04545
    59    64   0.02273
    59    65   0.02273
    59    68   0.02273
    59    69   0.02273
    60    65   0.02273
    60    66   0.02273
    60    67   0.02273
    60    68   0.02273
    61    66   0.02273
    62    67   0.02273
