          325
    1     3    28    6.066    0.611
    1     4    27    8.090    1.536
    1     5    26    9.538    2.362
    1     6    24   10.913    2.770
    1     7    19   12.361    3.332
    2     4    32    6.198    0.647
    2     5    31    8.296    1.631
    2     6    29   10.318    2.686
    2     7    24   12.014    3.133
    2     8    18   12.165    4.681
    3     5    31    6.237    0.510
    3     6    29    8.387    1.752
    3     7    24   10.257    2.155
    3     8    18   11.307    3.545
    3     9    17   12.373    4.729
    4     6    29    6.152    0.642
    4     7    24    8.362    1.470
    4     8    18    9.926    2.566
    4     9    17   11.545    3.495
    4    10    16   13.348    4.386
    5     7    30    6.237    0.702
    5     8    23    8.352    2.035
    5     9    22   10.793    2.346
    5    10    21   13.087    3.181
    5    11    20   15.617    3.272
    6     8    24    6.287    0.647
    6     9    23    8.745    1.439
    6    10    22   11.329    2.076
    6    11    21   14.058    2.365
    6    12    19   16.203    3.031
    7     9    25    6.413    0.445
    7    10    24    9.303    1.264
    7    11    23   12.125    1.629
    7    12    20   14.690    2.736
    7    13    19   17.462    3.601
    8    10    37    6.578    0.354
    8    11    35    9.562    1.106
    8    12    32   12.266    2.358
    8    13    30   15.117    3.285
    8    14    26   17.456    3.701
    9    11    39    6.426    0.532
    9    12    36    9.280    1.625
    9    13    34   12.191    2.135
    9    14    28   14.577    2.400
    9    15    22   17.667    2.857
   10    12    38    6.773    0.483
   10    13    36    9.951    1.033
   10    14    30   12.670    1.209
   10    15    23   15.744    1.179
   10    16    22   16.937    2.718
   11    13    38    6.707    0.488
   11    14    32    9.544    1.090
   11    15    25   12.836    0.874
   11    16    24   14.282    2.429
   11    17    21   15.461    3.363
   12    14    33    6.578    0.410
   12    15    26    9.492    0.867
   12    16    25   11.034    2.432
   12    17    21   12.268    3.298
   12    18    19   10.968    3.703
   13    15    28    6.604    0.546
   13    16    27    8.489    1.682
   13    17    23    9.964    2.278
   13    18    21    9.268    2.549
   13    19    19    7.823    2.386
   14    16    33    5.971    0.598
   14    17    28    7.705    1.360
   14    18    25    7.989    1.969
   14    19    22    7.650    2.506
   14    20    16    8.490    2.794
   15    17    33    6.034    0.543
   15    18    30    7.415    1.568
   15    19    27    8.530    2.011
   15    20    21   10.339    3.087
   15    21    21   12.337    3.752
   16    18    35    5.988    0.496
   16    19    32    7.820    1.404
   16    20    25    9.985    2.362
   16    21    25   12.319    3.126
   16    22    24   15.298    3.112
   17    19    38    6.201    0.635
   17    20    31    8.962    1.071
   17    21    31   11.742    1.595
   17    22    30   14.695    1.512
   17    23    30   17.731    1.782
   18    20    34    6.747    0.575
   18    21    34    9.816    1.124
   18    22    33   12.795    1.263
   18    23    33   15.983    1.406
   18    24    32   18.659    1.412
   19    21    37    6.724    0.430
   19    22    36    9.740    0.815
   19    23    36   12.923    0.856
   19    24    35   15.714    0.942
   19    25    30   18.897    1.119
   20    22    42    6.536    0.443
   20    23    42    9.914    0.577
   20    24    41   12.693    0.692
   20    25    36   15.955    0.868
   20    26    33   17.810    1.596
   21    23    42    6.733    0.372
   21    24    41    9.837    0.420
   21    25    36   12.999    0.600
   21    26    33   14.776    1.562
   21    27    31   16.164    3.210
   22    24    43    6.454    0.348
   22    25    38    9.713    0.610
   22    26    34   11.809    1.389
   22    27    32   13.137    2.838
   22    28    31   12.364    3.863
   23    25    38    6.595    0.374
   23    26    34    8.741    1.335
   23    27    32   10.410    2.621
   23    28    31   10.263    3.461
   23    29    21    9.860    4.277
   24    26    34    6.154    0.576
   24    27    32    7.841    1.636
   24    28    31    8.089    2.212
   24    29    21    8.499    2.682
   24    30    17    9.879    2.746
   25    27    34    6.070    0.633
   25    28    33    7.389    1.540
   25    29    23    8.992    2.015
   25    30    19   10.767    2.528
   25    31    17   12.058    3.467
   26    28    36    6.063    0.684
   26    29    26    8.073    1.491
   26    30    22   10.253    2.256
   26    31    19   11.876    3.189
   26    32    17   13.635    3.879
   27    29    27    6.286    0.597
   27    30    22    8.587    1.745
   27    31    19   10.587    2.801
   27    32    17   12.542    3.804
   27    33    16   15.335    4.408
   28    30    24    6.355    0.633
   28    31    21    8.476    1.761
   28    32    19   10.005    3.026
   28    33    18   12.517    3.888
   28    34    16   14.498    4.993
   29    31    24    6.284    0.709
   29    32    22    8.040    2.038
   29    33    21   10.107    3.107
   29    34    18   12.612    3.624
   29    35    14   15.321    4.281
   30    32    30    6.238    0.740
   30    33    29    8.473    1.861
   30    34    26   10.967    2.465
   30    35    21   13.136    3.420
   30    36    20   14.644    4.169
   31    33    35    6.200    0.595
   31    34    32    8.609    1.651
   31    35    26   10.437    2.870
   31    36    25   11.996    3.676
   31    37    23   13.392    3.924
   32    34    33    6.140    0.557
   32    35    27    8.033    2.054
   32    36    26    9.664    3.076
   32    37    24   11.431    3.375
   32    38    23   13.002    4.226
   33    35    31    6.185    0.631
   33    36    29    7.658    2.093
   33    37    26    9.207    2.637
   33    38    25   11.076    3.644
   33    39    22   12.055    4.086
   34    36    31    5.911    0.557
   34    37    28    7.317    1.846
   34    38    27    9.211    2.787
   34    39    23   10.490    3.260
   34    40    19   12.240    3.241
   35    37    34    5.864    0.495
   35    38    33    7.328    2.029
   35    39    28    8.552    2.468
   35    40    24   10.522    2.647
   35    41    24   12.084    2.991
   36    38    36    5.924    0.629
   36    39    30    6.825    1.947
   36    40    26    8.105    2.796
   36    41    26   10.432    2.818
   36    42    24   11.491    3.280
   37    39    34    5.856    0.627
   37    40    29    6.804    2.065
   37    41    29    8.405    2.765
   37    42    27   10.298    2.839
   37    43    23   11.512    3.041
   38    40    31    5.802    0.519
   38    41    30    6.917    1.962
   38    42    28    8.341    2.703
   38    43    24   10.067    2.904
   38    44    23   10.773    2.210
   39    41    30    5.927    0.593
   39    42    28    6.886    2.066
   39    43    24    8.203    2.579
   39    44    23    9.394    2.035
   39    45    22   10.624    2.312
   40    42    29    6.046    0.668
   40    43    24    6.810    1.864
   40    44    23    7.546    2.332
   40    45    22    8.988    2.651
   40    46    22   10.898    2.786
   41    43    25    5.827    0.600
   41    44    23    6.614    1.823
   41    45    22    7.872    2.351
   41    46    22   10.052    2.526
   41    47    19   11.259    2.626
   42    44    29    5.912    0.552
   42    45    27    7.199    2.096
   42    46    27    8.900    2.728
   42    47    24   10.698    2.612
   42    48    23   10.976    2.555
   43    45    31    6.076    0.648
   43    46    31    7.550    2.051
   43    47    26    8.692    2.510
   43    48    25    9.062    2.853
   43    49    25   10.446    2.984
   44    46    33    6.011    0.586
   44    47    27    7.159    1.702
   44    48    26    7.915    1.957
   44    49    26    9.525    2.416
   44    50    26   10.352    3.145
   45    47    31    5.927    0.554
   45    48    30    7.057    1.441
   45    49    30    9.455    2.017
   45    50    30   10.711    2.804
   45    51    29   13.854    3.027
   46    48    34    5.984    0.554
   46    49    34    8.843    1.058
   46    50    34   10.614    1.830
   46    51    33   13.941    2.184
   46    52    31   15.975    2.523
   47    49    40    6.630    0.518
   47    50    40    9.209    0.946
   47    51    39   12.636    1.194
   47    52    37   15.054    1.159
   47    53    36   18.419    1.252
   48    50    43    6.465    0.381
   48    51    42    9.933    0.355
   48    52    40   12.674    0.635
   48    53    39   16.032    0.526
   48    54    37   18.689    1.275
   49    51    43    6.796    0.346
   49    52    41    9.826    0.546
   49    53    40   13.135    0.581
   49    54    38   15.859    1.204
   49    55    30   18.301    2.045
   50    52    41    6.529    0.304
   50    53    40    9.941    0.358
   50    54    38   12.796    0.964
   50    55    30   15.319    1.747
   50    56    23   17.554    2.844
   51    53    41    6.648    0.431
   51    54    39    9.668    1.186
   51    55    31   12.159    2.063
   51    56    24   14.527    2.668
   51    57    21   15.387    3.728
   52    54    41    6.576    0.548
   52    55    33    9.344    1.320
   52    56    26   11.883    1.963
   52    57    23   13.211    2.946
   52    58    22   14.458    3.745
   53    55    34    6.487    0.429
   53    56    27    9.226    1.103
   53    57    24   10.675    2.292
   53    58    23   12.205    3.153
   53    59    22   12.744    3.587
   54    56    29    6.404    0.624
   54    57    25    8.007    1.600
   54    58    23    9.875    2.465
   54    59    22   10.596    2.820
   54    60    21   10.980    3.700
   55    57    26    6.194    0.577
   55    58    24    8.367    1.599
   55    59    23    9.309    2.663
   55    60    22    9.887    4.041
   55    61    22   10.393    4.510
   56    58    30    6.183    0.649
   56    59    29    7.805    2.001
   56    60    28    9.486    3.097
   56    61    26   10.581    3.944
   56    62    24   11.947    4.708
   57    59    30    6.249    0.651
   57    60    28    8.418    1.606
   57    61    26    9.954    2.337
   57    62    24   11.330    3.648
   57    63    23   12.471    3.885
   58    60    34    6.168    0.550
   58    61    30    8.046    1.794
   58    62    27    9.640    2.698
   58    63    24   11.290    3.240
   58    64    22   13.671    3.855
   59    61    31    6.105    0.627
   59    62    28    8.002    1.616
   59    63    24   10.158    2.283
   59    64    22   12.811    2.647
   59    65    19   15.287    2.969
   60    62    30    6.387    0.627
   60    63    25    8.777    1.409
   60    64    23   11.585    1.634
   60    65    20   13.981    2.261
   60    66    20   16.227    3.044
   61    63    28    6.449    0.504
   61    64    26    9.117    1.205
   61    65    23   11.890    1.809
   61    66    23   14.318    2.688
   61    67    22   16.788    3.293
   62    64    31    6.551    0.523
   62    65    28    9.518    1.341
   62    66    28   12.107    1.836
   62    67    27   14.862    2.366
   62    68    24   17.814    2.333
   63    65    30    6.439    0.479
   63    66    29    9.072    1.215
   63    67    28   11.927    1.611
   63    68    25   15.046    1.370
   63    69    24   18.349    1.595
   64    66    32    6.508    0.625
   64    67    31    9.532    1.177
   64    68    28   12.706    0.912
   64    69    27   16.056    1.043
   65    67    37    6.584    0.408
   65    68    34    9.833    0.508
   65    69    32   13.125    0.684
   66    68    37    6.545    0.430
   66    69    35    9.936    0.759
   67    69    35    6.818    0.302
