          816
    1    11   22.808
    1    11   10.786
    1    11    7.429
    1    11   21.673
    1    21   20.581
    1    21    9.968
    1    21    9.235
    1    21   30.691
    1    31   22.562
    1    31   25.965
    1    31   20.254
    1    31   14.162
    1    41   25.299
    1    41    6.958
    1    41   31.741
    1    41   26.697
    1    51   15.815
    1    51   17.053
    1    51   13.155
    1    51   19.288
    1    61   12.087
    1    61   15.043
    1    61   12.779
    1    61   12.819
    2    12   22.199
    2    12    5.491
    2    12   12.834
    2    12   22.642
    2    22   17.287
    2    22   10.604
    2    22   11.616
    2    22   24.609
    2    32   17.307
    2    32   24.588
    2    32   21.272
    2    32   12.282
    2    42   23.143
    2    42   12.595
    2    42   24.440
    2    42   25.691
    2    52    9.257
    2    52   17.528
    2    52   15.108
    2    52   16.281
    2    62    8.834
    2    62   14.126
    2    62   16.876
    2    62   16.876
    3    13   21.216
    3    13   12.014
    3    13   19.491
    3    13   22.754
    3    23   16.874
    3    23   11.165
    3    23   14.995
    3    23   19.504
    3    33   18.330
    3    33   19.166
    3    33   25.661
    3    33   11.990
    3    43   19.931
    3    43   13.835
    3    43   23.428
    3    43   18.386
    3    53    5.491
    3    53   20.282
    3    53   17.526
    3    53   15.029
    3    63    9.686
    3    63   14.595
    3    63   17.765
    3    63   17.765
    4    14   20.195
    4    14   18.375
    4    14   25.724
    4    14   20.234
    4    24   14.697
    4    24    9.994
    4    24   21.170
    4    24   12.429
    4    34   20.674
    4    34   13.094
    4    34   27.176
    4    34   12.879
    4    44   19.480
    4    44   15.722
    4    44   27.297
    4    44   15.837
    4    54    6.641
    4    54   20.113
    4    54   18.777
    4    54   12.947
    4    64   10.125
    4    64   18.959
    4    64   19.176
    4    64   19.176
    5    15   28.626
    5    15   24.879
    5    15   31.538
    5    15   21.278
    5    25   13.458
    5    25   12.310
    5    25   26.511
    5    25   29.988
    5    35   18.608
    5    35   15.971
    5    35   28.169
    5    35   16.358
    5    45   19.926
    5    45   19.027
    5    45   26.336
    5    45   16.530
    5    55   10.428
    5    55   22.529
    5    55   19.299
    5    55   17.533
    5    65   10.400
    5    65   22.240
    5    65   20.384
    5    65   19.756
    6    16   29.366
    6    16   27.298
    6    16   31.678
    6    16   29.878
    6    26   12.996
    6    26   15.109
    6    26   27.476
    6    26   24.695
    6    36   15.698
    6    36   18.643
    6    36   24.901
    6    36   17.727
    6    46   16.932
    6    46   25.478
    6    46   24.272
    6    46   31.297
    6    56   15.114
    6    56   24.139
    6    56   13.353
    6    56   25.489
    6    66    9.675
    6    66   25.140
    6    66   17.468
    6    66   18.647
    7    17   26.687
    7    17   26.949
    7    17   30.435
    7    17   27.030
    7    27   14.214
    7    27   16.438
    7    27   29.244
    7    27   17.962
    7    37   17.513
    7    37   17.123
    7    37   23.494
    7    37   20.774
    7    47   11.048
    7    47   28.969
    7    47   23.795
    7    47   27.380
    7    57   21.661
    7    57   23.416
    7    57    8.741
    7    57   19.322
    7    67    9.570
    7    67   30.014
    7    67   15.769
    7    67   15.861
    8    18   23.760
    8    18   23.725
    8    18   21.357
    8    18   23.725
    8    28   14.587
    8    28   24.297
    8    28   17.005
    8    28   24.297
    8    38   19.148
    8    38   22.068
    8    38   18.242
    8    38   22.068
    8    48   29.643
    8    48   20.032
    8    48   21.639
    8    48   20.032
    8    58   16.730
    8    58   10.374
    8    58   18.237
    8    58   16.934
    8    68   30.330
    8    68   15.529
    8    68   14.649
    8    68   15.529
    9    19   20.519
    9    19   16.441
    9    19   17.263
    9    19   22.364
    9    29   11.166
    9    29   15.134
    9    29   14.421
    9    29    9.308
    9    39   12.775
    9    39   18.803
    9    39   20.422
    9    39   18.478
    9    49    5.298
    9    49   26.856
    9    49   15.775
    9    49   16.569
    9    59   17.996
    9    59   13.622
    9    59   13.032
    9    59    9.789
    9    69   10.238
    9    69   30.834
    9    69   15.602
    9    69   16.095
   10    20   16.882
   10    20   14.272
   10    20    9.475
   10    20   16.662
   10    30   12.404
   10    30   17.403
   10    30   19.517
   10    30   13.557
   10    40   10.161
   10    40   14.362
   10    40   20.167
   10    40   20.274
   10    50    6.769
   10    50   22.988
   10    50   11.936
   10    50   16.239
   10    60   16.800
   10    60   14.663
   10    60   18.777
   10    60   14.052
   11    21   10.339
   11    21    7.020
   11    21   12.933
   11    21   10.596
   11    31   21.648
   11    31   17.549
   11    31   16.724
   11    31   15.789
   11    41    8.643
   11    41   11.896
   11    41   16.840
   11    41   21.906
   11    51   10.438
   11    51   22.003
   11    51   14.664
   11    51   14.877
   11    61   14.555
   11    61   12.638
   11    61   12.220
   11    61   14.914
   12    22    7.382
   12    22    5.421
   12    22   11.817
   12    22    5.871
   12    32   21.724
   12    32   19.322
   12    32   12.633
   12    32   16.107
   12    42   10.720
   12    42   12.614
   12    42   17.445
   12    42   14.980
   12    52   14.767
   12    52   14.932
   12    52   14.393
   12    52   16.686
   12    62   17.184
   12    62    9.965
   12    62   20.893
   12    62   20.893
   13    23    5.059
   13    23   14.302
   13    23   14.695
   13    23    6.725
   13    33   17.919
   13    33   22.927
   13    33   15.018
   13    33   18.356
   13    43    9.524
   13    43   12.497
   13    43   17.467
   13    43   17.970
   13    53   18.504
   13    53   14.742
   13    53   20.114
   13    53   21.706
   13    63   15.219
   13    63   11.901
   13    63   20.823
   13    63   20.823
   14    24    9.372
   14    24   20.740
   14    24   12.844
   14    24    7.925
   14    34   14.180
   14    34   21.074
   14    34   15.917
   14    34   15.593
   14    44    6.840
   14    44   10.613
   14    44   18.427
   14    44   17.558
   14    54   16.584
   14    54   14.693
   14    54   22.640
   14    54   21.086
   14    64   16.894
   14    64   17.066
   14    64   20.865
   14    64   12.393
   15    25   26.405
   15    25   27.168
   15    25   14.057
   15    25   10.297
   15    35   24.181
   15    35   24.026
   15    35   16.869
   15    35   19.043
   15    45   27.003
   15    45   15.924
   15    45   19.810
   15    45   18.769
   15    55   22.463
   15    55   20.306
   15    55   29.075
   15    55   23.375
   15    65   25.419
   15    65   19.961
   15    65   22.319
   15    65   11.874
   16    26   24.398
   16    26   29.391
   16    26   13.848
   16    26   27.731
   16    36   22.531
   16    36   21.198
   16    36   21.882
   16    36   15.656
   16    46   30.065
   16    46   19.297
   16    46   23.532
   16    46   21.716
   16    56   20.000
   16    56   16.663
   16    56   20.776
   16    56   21.509
   16    66   25.436
   16    66   17.079
   16    66   23.014
   16    66   12.789
   17    27   17.487
   17    27   29.567
   17    27   10.613
   17    27   24.666
   17    37   17.242
   17    37   19.942
   17    37   21.071
   17    37   13.584
   17    47   25.827
   17    47   17.317
   17    47   23.878
   17    47   20.154
   17    57   16.903
   17    57   17.907
   17    57   28.750
   17    57   23.178
   17    67   25.372
   17    67   19.176
   17    67   17.615
   17    67   16.423
   18    28   18.156
   18    28   23.646
   18    28    8.065
   18    28   19.544
   18    38   18.478
   18    38   19.921
   18    38   14.975
   18    38   12.413
   18    48   26.379
   18    48   16.961
   18    48   20.178
   18    48   19.900
   18    58   14.345
   18    58   13.385
   18    58   31.311
   18    58   19.221
   18    68   24.914
   18    68   17.154
   18    68   10.751
   18    68   14.558
   19    29   12.198
   19    29   21.097
   19    29   12.433
   19    29   18.777
   19    39   16.347
   19    39   16.414
   19    39   16.140
   19    39   10.104
   19    49   22.195
   19    49   15.750
   19    49   16.187
   19    49   19.044
   19    59   12.268
   19    59    8.903
   19    59   31.264
   19    59   16.009
   19    69   24.601
   19    69   20.545
   19    69    5.595
   19    69   14.002
   20    30    8.553
   20    30   20.597
   20    30   20.790
   20    30   23.351
   20    40   10.061
   20    40   10.818
   20    40   10.301
   20    40   17.320
   20    50   16.718
   20    50   12.912
   20    50    8.108
   20    50   17.477
   20    60   10.743
   20    60    5.309
   20    60   30.191
   20    60   12.370
   21    31   17.740
   21    31   19.440
   21    31   16.223
   21    31   20.626
   21    41   10.115
   21    41   12.195
   21    41    9.657
   21    41   21.218
   21    51   15.402
   21    51   16.569
   21    51    5.015
   21    51   16.924
   21    61    9.760
   21    61    6.246
   21    61    9.928
   21    61   11.483
   22    32   16.825
   22    32   15.436
   22    32   12.978
   22    32   15.420
   22    42   11.598
   22    42   14.648
   22    42   16.404
   22    42    9.878
   22    52   11.627
   22    52   11.879
   22    52    8.376
   22    52   14.350
   22    62   10.507
   22    62    5.534
   22    62   18.340
   22    62   18.340
   23    33   17.413
   23    33   11.756
   23    33   15.670
   23    33   15.328
   23    43   11.159
   23    43   17.986
   23    43   13.107
   23    43   11.512
   23    53   15.027
   23    53   13.968
   23    53   14.708
   23    53   15.896
   23    63   12.133
   23    63    7.949
   23    63   21.453
   23    63   21.453
   24    34   19.827
   24    34   10.375
   24    34   15.134
   24    34   10.717
   24    44    9.196
   24    44   19.820
   24    44   10.854
   24    44   12.786
   24    54   13.481
   24    54   14.760
   24    54   18.263
   24    54   14.638
   24    64   16.530
   24    64   12.852
   24    64   19.276
   24    64    9.888
   25    35   21.727
   25    35   12.730
   25    35   18.150
   25    35   19.022
   25    45   13.336
   25    45   23.889
   25    45    9.024
   25    45   16.917
   25    55   19.633
   25    55   14.752
   25    55   25.263
   25    55   16.838
   25    65   19.401
   25    65   15.769
   25    65   22.577
   25    65   14.902
   26    36   20.643
   26    36   15.702
   26    36   22.531
   26    36   21.623
   26    46   17.126
   26    46   29.719
   26    46   11.689
   26    46   14.478
   26    56   17.612
   26    56   17.759
   26    56   13.168
   26    56   14.427
   26    66   17.975
   26    66   20.874
   26    66   21.422
   26    66   14.939
   27    37   18.817
   27    37   18.594
   27    37   23.696
   27    37   25.897
   27    47   15.320
   27    47   32.949
   27    47   15.812
   27    47   16.739
   27    57   18.777
   27    57   16.268
   27    57   16.898
   27    57   20.071
   27    67   19.435
   27    67   26.160
   27    67   19.307
   27    67   18.254
   28    38   19.169
   28    38   20.755
   28    38   17.130
   28    38   22.886
   28    48   16.479
   28    48   30.024
   28    48   13.880
   28    48   15.314
   28    58   13.705
   28    58   12.001
   28    58   13.291
   28    58   14.496
   28    68   17.453
   28    68   26.743
   28    68   13.082
   28    68   18.448
   29    39   15.862
   29    39   19.105
   29    39   20.733
   29    39   24.068
   29    49   15.077
   29    49   27.855
   29    49   12.270
   29    49   13.906
   29    59    8.665
   29    59   16.473
   29    59    9.493
   29    59   11.597
   29    69   19.463
   29    69   27.988
   29    69   17.115
   29    69   19.907
   30    40   10.660
   30    40   20.932
   30    40   20.102
   30    40   22.020
   30    50   12.683
   30    50   26.164
   30    50   13.392
   30    50   11.562
   30    60    5.053
   30    60   20.610
   30    60   15.627
   30    60    5.201
   31    41   15.510
   31    41   22.724
   31    41   18.656
   31    41   20.998
   31    51   19.265
   31    51   27.773
   31    51   13.175
   31    51    5.823
   31    61   20.614
   31    61   21.419
   31    61    5.254
   31    61    7.471
   32    42   15.033
   32    42   22.272
   32    42    5.949
   32    42   14.998
   32    52   13.937
   32    52   20.301
   32    52   10.879
   32    52    5.665
   32    62   14.173
   32    62   17.272
   32    62   21.196
   32    62   21.196
   33    43   15.075
   33    43   20.389
   33    43    5.575
   33    43   13.613
   33    53   13.373
   33    53   15.371
   33    53   14.076
   33    53   10.331
   33    63    9.504
   33    63   12.339
   33    63   19.414
   33    63   19.414
   34    44   15.748
   34    44   15.469
   34    44    9.529
   34    44   12.342
   34    54   16.622
   34    54   16.354
   34    54   12.669
   34    54   15.176
   34    64   12.395
   34    64   12.242
   34    64   12.191
   34    64    8.973
   35    45   14.948
   35    45   15.401
   35    45   15.110
   35    45   12.285
   35    55   18.470
   35    55   17.740
   35    55   15.755
   35    55   21.452
   35    65   10.358
   35    65   11.004
   35    65   10.574
   35    65    5.599
   36    46   15.238
   36    46   15.242
   36    46   20.496
   36    46   13.021
   36    56   18.110
   36    56   17.486
   36    56   11.120
   36    56   20.104
   36    66    6.653
   36    66    8.397
   36    66    7.485
   36    66    9.114
   37    47   15.046
   37    47   15.086
   37    47   22.564
   37    47    7.280
   37    57   20.612
   37    57   19.949
   37    57   20.072
   37    57   22.076
   37    67   11.684
   37    67   13.921
   37    67    9.826
   37    67    8.159
   38    48   12.765
   38    48   13.461
   38    48   22.532
   38    48    8.088
   38    58   22.225
   38    58   21.117
   38    58   22.831
   38    58   21.384
   38    68   10.035
   38    68   14.728
   38    68    8.542
   38    68    8.112
   39    49   10.304
   39    49   12.143
   39    49   18.146
   39    49   10.740
   39    59   21.085
   39    59   20.825
   39    59   24.897
   39    59   22.013
   39    69    9.793
   39    69   14.329
   39    69   10.802
   39    69   10.031
   40    50    8.255
   40    50    9.696
   40    50   12.606
   40    50   17.126
   40    60   15.550
   40    60   15.679
   40    60   29.453
   40    60   24.354
   41    51   13.979
   41    51   15.910
   41    51   14.004
   41    51   16.222
   41    61   17.552
   41    61   17.613
   41    61   22.003
   41    61   20.512
   42    52   14.580
   42    52   16.190
   42    52   11.189
   42    52   10.591
   42    62   18.581
   42    62   18.530
   42    62   19.893
   42    62   19.893
   43    53   15.769
   43    53   16.254
   43    53   10.368
   43    53    6.626
   43    63   14.430
   43    63   14.331
   43    63   18.283
   43    63   18.283
   44    54   18.020
   44    54   18.183
   44    54   15.678
   44    54    6.552
   44    64   18.401
   44    64   17.488
   44    64   17.614
   44    64   17.538
   45    55   24.726
   45    55   24.769
   45    55   19.893
   45    55   10.199
   45    65   19.373
   45    65   19.080
   45    65   19.729
   45    65   15.531
   46    56   26.920
   46    56   27.026
   46    56   13.792
   46    56   24.990
   46    66   15.639
   46    66   15.825
   46    66   18.212
   46    66   12.877
   47    57   27.779
   47    57   28.162
   47    57   18.315
   47    57   26.478
   47    67   13.570
   47    67   14.373
   47    67   19.139
   47    67   15.518
   48    58   25.858
   48    58   25.509
   48    58   18.191
   48    58   22.642
   48    68    7.138
   48    68    8.096
   48    68   17.658
   48    68   10.669
   49    59   22.102
   49    59   23.425
   49    59   16.816
   49    59   18.358
   49    69    5.862
   49    69    7.583
   49    69   15.158
   49    69    8.494
   50    60   17.388
   50    60   17.971
   50    60   17.623
   50    60   15.984
   51    61   13.911
   51    61   16.495
   51    61   12.588
   51    61    9.870
   52    62    9.623
   52    62    9.746
   52    62   12.335
   52    62   12.335
   53    63    5.918
   53    63    6.243
   53    63   10.310
   53    63   10.310
   54    64    5.504
   54    64    5.043
   54    64    4.585
   54    64    4.665
   55    65    9.793
   55    65    9.713
   55    65    8.776
   55    65    9.338
   56    66   15.108
   56    66   14.625
   56    66   15.471
   56    66   24.639
   57    67   20.727
   57    67   20.625
   57    67   17.888
   57    67   23.581
   58    68   22.972
   58    68   23.105
   58    68   19.728
   58    68   21.196
   59    69   25.353
   59    69   26.669
   59    69   20.214
   59    69   19.008
