          878
     1     9   0.10256
     1    10   0.10256
     1    11   0.02564
     1    12   0.02564
     1    25   0.02564
     1    26   0.02564
     1    61   0.02564
     1    62   0.02564
     1    67   0.02564
     1    68   0.02564
     1    69   0.02564
     2     8   0.02564
     2     9   0.05128
     2    11   0.02564
     2    12   0.02564
     2    26   0.02564
     2    53   0.02564
     2    54   0.02564
     2    55   0.02564
     2    61   0.05128
     2    62   0.02564
     3     8   0.10256
     3     9   0.02564
     3    12   0.02564
     3    24   0.02564
     3    25   0.05128
     3    26   0.05128
     3    27   0.02564
     3    35   0.02564
     3    36   0.02564
     3    37   0.02564
     3    38   0.02564
     3    53   0.02564
     3    54   0.02564
     3    55   0.05128
     3    56   0.02564
     3    57   0.02564
     3    58   0.02564
     3    59   0.02564
     3    60   0.02564
     3    61   0.02564
     3    62   0.02564
     3    63   0.02564
     4     9   0.02564
     4    10   0.02564
     4    11   0.05128
     4    12   0.02564
     4    13   0.02564
     4    14   0.02564
     4    15   0.02564
     4    16   0.02564
     4    23   0.05128
     4    24   0.05128
     4    25   0.02564
     4    27   0.05128
     4    30   0.02564
     4    36   0.02564
     4    37   0.02564
     4    39   0.05128
     4    40   0.02564
     4    52   0.05128
     4    53   0.05128
     4    54   0.05128
     4    55   0.05128
     4    57   0.02564
     4    60   0.02564
     4    62   0.02564
     5    10   0.02564
     5    13   0.05128
     5    14   0.05128
     5    15   0.02564
     5    23   0.05128
     5    24   0.05128
     5    25   0.05128
     5    26   0.02564
     5    27   0.02564
     5    37   0.02564
     5    39   0.02564
     5    51   0.10256
     5    52   0.12821
     5    53   0.07692
     5    54   0.07692
     5    55   0.07692
     5    56   0.05128
     6    12   0.02564
     6    13   0.02564
     6    14   0.02564
     6    15   0.02564
     6    16   0.02564
     6    22   0.02564
     6    23   0.05128
     6    24   0.02564
     6    26   0.02564
     6    36   0.02564
     6    37   0.02564
     6    50   0.07692
     6    51   0.12821
     6    52   0.07692
     6    53   0.05128
     6    54   0.05128
     6    55   0.02564
     6    61   0.02564
     6    62   0.02564
     6    63   0.02564
     6    64   0.02564
     7    12   0.02564
     7    13   0.02564
     7    14   0.02564
     7    20   0.02564
     7    21   0.02564
     7    22   0.07692
     7    23   0.10256
     7    24   0.10256
     7    25   0.02564
     7    26   0.10256
     7    27   0.05128
     7    35   0.02564
     7    36   0.02564
     7    37   0.02564
     7    49   0.10256
     7    50   0.10256
     7    51   0.05128
     7    52   0.02564
     7    53   0.02564
     7    54   0.02564
     7    55   0.05128
     7    56   0.02564
     7    57   0.02564
     7    61   0.02564
     7    62   0.02564
     7    63   0.02564
     7    64   0.02564
     8    13   0.02564
     8    17   0.02564
     8    20   0.02564
     8    21   0.10256
     8    22   0.12821
     8    23   0.10256
     8    24   0.17949
     8    25   0.10256
     8    30   0.02564
     8    31   0.02564
     8    34   0.02564
     8    35   0.05128
     8    47   0.02564
     8    48   0.07692
     8    49   0.10256
     8    50   0.07692
     8    51   0.02564
     8    52   0.10256
     8    53   0.10256
     8    54   0.05128
     8    55   0.07692
     8    60   0.02564
     8    64   0.02564
     9    17   0.02564
     9    20   0.05128
     9    21   0.12821
     9    22   0.15385
     9    23   0.10256
     9    24   0.17949
     9    25   0.05128
     9    26   0.02564
     9    29   0.02564
     9    30   0.02564
     9    33   0.02564
     9    34   0.02564
     9    38   0.02564
     9    46   0.05128
     9    47   0.07692
     9    48   0.07692
     9    49   0.10256
     9    50   0.05128
     9    51   0.12821
     9    52   0.10256
     9    53   0.05128
     9    54   0.07692
     9    55   0.02564
     9    62   0.02564
    10    15   0.05128
    10    20   0.12821
    10    21   0.15385
    10    22   0.20513
    10    23   0.17949
    10    24   0.15385
    10    25   0.05128
    10    29   0.02564
    10    32   0.02564
    10    33   0.02564
    10    38   0.02564
    10    46   0.05128
    10    47   0.05128
    10    49   0.05128
    10    50   0.10256
    10    51   0.12821
    10    52   0.02564
    10    53   0.07692
    10    54   0.02564
    10    55   0.02564
    11    17   0.02564
    11    19   0.15385
    11    20   0.15385
    11    21   0.12821
    11    22   0.20513
    11    23   0.10256
    11    24   0.17949
    11    25   0.02564
    11    31   0.02564
    11    32   0.02564
    11    33   0.02564
    11    38   0.02564
    11    44   0.05128
    11    46   0.05128
    11    49   0.10256
    11    50   0.12821
    11    51   0.05128
    11    52   0.10256
    11    53   0.05128
    11    54   0.02564
    11    62   0.02564
    11    64   0.02564
    11    65   0.02564
    11    66   0.02564
    12    17   0.05128
    12    18   0.10256
    12    19   0.17949
    12    20   0.15385
    12    21   0.20513
    12    22   0.28205
    12    23   0.17949
    12    24   0.10256
    12    25   0.05128
    12    31   0.02564
    12    44   0.05128
    12    46   0.02564
    12    48   0.07692
    12    49   0.12821
    12    50   0.07692
    12    52   0.02564
    12    66   0.02564
    12    67   0.02564
    13    18   0.10256
    13    19   0.23077
    13    20   0.12821
    13    21   0.02564
    13    22   0.17949
    13    23   0.10256
    13    46   0.02564
    13    47   0.15385
    13    48   0.12821
    13    49   0.12821
    13    51   0.02564
    13    52   0.02564
    13    67   0.02564
    13    68   0.02564
    14    19   0.12821
    14    20   0.12821
    14    21   0.12821
    14    22   0.17949
    14    23   0.07692
    14    42   0.02564
    14    46   0.07692
    14    47   0.17949
    14    48   0.12821
    14    49   0.05128
    14    50   0.02564
    14    51   0.02564
    14    68   0.05128
    14    69   0.02564
    15    20   0.07692
    15    21   0.15385
    15    22   0.05128
    15    42   0.02564
    15    46   0.07692
    15    47   0.07692
    15    49   0.02564
    15    50   0.02564
    15    68   0.02564
    15    69   0.05128
    16    21   0.10256
    16    24   0.02564
    16    25   0.02564
    16    26   0.02564
    16    33   0.02564
    16    37   0.02564
    16    42   0.02564
    16    46   0.05128
    16    48   0.02564
    16    49   0.02564
    16    50   0.05128
    16    51   0.02564
    16    61   0.02564
    16    68   0.02564
    16    69   0.02564
    17    22   0.02564
    17    23   0.02564
    17    33   0.05128
    17    35   0.02564
    17    36   0.02564
    17    37   0.02564
    17    38   0.02564
    17    39   0.02564
    17    42   0.02564
    17    49   0.02564
    17    50   0.02564
    17    54   0.02564
    17    60   0.02564
    17    61   0.02564
    18    23   0.02564
    18    26   0.02564
    18    27   0.05128
    18    28   0.02564
    18    31   0.05128
    18    32   0.05128
    18    33   0.05128
    18    36   0.02564
    18    37   0.02564
    18    38   0.02564
    18    42   0.02564
    18    49   0.02564
    18    50   0.02564
    18    52   0.02564
    18    53   0.02564
    18    54   0.02564
    18    59   0.02564
    18    60   0.02564
    18    65   0.02564
    18    68   0.02564
    18    69   0.02564
    19    25   0.02564
    19    26   0.02564
    19    27   0.02564
    19    30   0.05128
    19    31   0.12821
    19    32   0.05128
    19    33   0.02564
    19    35   0.02564
    19    36   0.02564
    19    40   0.02564
    19    41   0.02564
    19    42   0.02564
    19    44   0.02564
    19    45   0.02564
    19    46   0.02564
    19    48   0.02564
    19    49   0.02564
    19    50   0.05128
    19    51   0.07692
    19    52   0.12821
    19    53   0.07692
    19    54   0.05128
    19    57   0.02564
    19    59   0.02564
    19    60   0.02564
    19    66   0.02564
    19    67   0.07692
    19    68   0.12821
    19    69   0.05128
    20    25   0.02564
    20    28   0.02564
    20    29   0.05128
    20    30   0.07692
    20    31   0.10256
    20    32   0.02564
    20    35   0.02564
    20    39   0.02564
    20    40   0.02564
    20    44   0.05128
    20    45   0.05128
    20    47   0.02564
    20    49   0.07692
    20    50   0.07692
    20    51   0.10256
    20    52   0.07692
    20    57   0.02564
    20    60   0.05128
    20    61   0.05128
    20    62   0.05128
    20    65   0.02564
    20    66   0.07692
    20    67   0.07692
    20    68   0.05128
    20    69   0.02564
    21    26   0.02564
    21    27   0.02564
    21    28   0.07692
    21    29   0.12821
    21    30   0.12821
    21    31   0.02564
    21    35   0.02564
    21    38   0.02564
    21    39   0.02564
    21    43   0.05128
    21    44   0.05128
    21    45   0.05128
    21    47   0.02564
    21    48   0.05128
    21    49   0.07692
    21    50   0.10256
    21    51   0.07692
    21    56   0.02564
    21    60   0.02564
    21    61   0.02564
    21    62   0.05128
    21    64   0.02564
    21    65   0.07692
    21    66   0.12821
    21    67   0.05128
    21    68   0.05128
    21    69   0.02564
    22    27   0.05128
    22    28   0.15385
    22    29   0.15385
    22    30   0.05128
    22    31   0.02564
    22    33   0.05128
    22    34   0.05128
    22    35   0.02564
    22    37   0.02564
    22    38   0.02564
    22    43   0.02564
    22    47   0.02564
    22    48   0.07692
    22    49   0.10256
    22    50   0.07692
    22    56   0.02564
    22    62   0.05128
    22    63   0.07692
    22    64   0.02564
    22    65   0.07692
    22    66   0.05128
    22    67   0.05128
    22    68   0.05128
    22    69   0.05128
    23    28   0.15385
    23    29   0.05128
    23    30   0.05128
    23    31   0.02564
    23    32   0.05128
    23    33   0.07692
    23    35   0.02564
    23    36   0.02564
    23    37   0.02564
    23    48   0.12821
    23    49   0.07692
    23    63   0.07692
    23    64   0.05128
    23    65   0.02564
    23    66   0.02564
    23    67   0.05128
    23    68   0.05128
    23    69   0.02564
    24    29   0.02564
    24    30   0.07692
    24    31   0.02564
    24    32   0.02564
    24    33   0.05128
    24    34   0.02564
    24    35   0.02564
    24    43   0.02564
    24    45   0.02564
    24    46   0.02564
    24    47   0.02564
    24    48   0.05128
    24    62   0.07692
    24    63   0.10256
    24    64   0.02564
    24    65   0.02564
    24    66   0.02564
    24    67   0.05128
    24    68   0.02564
    25    30   0.05128
    25    31   0.05128
    25    32   0.02564
    25    33   0.05128
    25    34   0.02564
    25    42   0.02564
    25    43   0.02564
    25    46   0.02564
    25    47   0.02564
    25    61   0.02564
    25    62   0.07692
    25    63   0.05128
    25    64   0.02564
    25    65   0.02564
    25    67   0.02564
    26    31   0.05128
    26    32   0.05128
    26    33   0.02564
    26    34   0.02564
    26    42   0.02564
    26    54   0.02564
    26    56   0.02564
    26    61   0.02564
    26    62   0.02564
    26    63   0.02564
    26    64   0.02564
    27    32   0.05128
    27    41   0.02564
    27    42   0.02564
    27    54   0.05128
    27    60   0.02564
    27    61   0.05128
    28    33   0.02564
    28    34   0.02564
    28    40   0.02564
    28    41   0.02564
    28    42   0.02564
    28    43   0.02564
    28    54   0.10256
    28    55   0.05128
    28    57   0.02564
    28    58   0.02564
    28    59   0.02564
    28    60   0.02564
    28    61   0.02564
    28    64   0.02564
    28    65   0.02564
    28    66   0.02564
    29    34   0.05128
    29    39   0.05128
    29    40   0.05128
    29    41   0.05128
    29    42   0.05128
    29    43   0.05128
    29    44   0.02564
    29    52   0.05128
    29    53   0.10256
    29    54   0.02564
    29    57   0.05128
    29    58   0.05128
    29    59   0.05128
    29    61   0.05128
    29    62   0.05128
    29    63   0.02564
    29    64   0.02564
    29    65   0.05128
    29    66   0.02564
    29    68   0.02564
    29    69   0.02564
    30    38   0.05128
    30    39   0.07692
    30    40   0.02564
    30    42   0.02564
    30    43   0.05128
    30    44   0.02564
    30    51   0.05128
    30    52   0.12821
    30    53   0.10256
    30    54   0.05128
    30    56   0.02564
    30    57   0.02564
    30    58   0.02564
    30    59   0.02564
    30    62   0.07692
    30    63   0.05128
    30    64   0.05128
    30    65   0.05128
    30    67   0.02564
    30    68   0.02564
    31    37   0.05128
    31    38   0.05128
    31    39   0.05128
    31    43   0.02564
    31    51   0.10256
    31    52   0.10256
    31    53   0.02564
    31    56   0.02564
    31    61   0.02564
    31    62   0.05128
    31    63   0.07692
    31    64   0.02564
    31    66   0.02564
    31    67   0.02564
    32    37   0.07692
    32    42   0.05128
    32    43   0.10256
    32    44   0.10256
    32    45   0.02564
    32    51   0.07692
    32    52   0.07692
    32    54   0.02564
    32    55   0.02564
    32    56   0.05128
    32    57   0.02564
    32    58   0.02564
    32    59   0.02564
    32    61   0.02564
    32    62   0.02564
    32    63   0.02564
    32    65   0.02564
    32    66   0.07692
    32    68   0.02564
    32    69   0.12821
    33    39   0.02564
    33    40   0.02564
    33    41   0.02564
    33    42   0.07692
    33    43   0.12821
    33    44   0.05128
    33    45   0.02564
    33    50   0.05128
    33    51   0.07692
    33    52   0.02564
    33    56   0.02564
    33    57   0.02564
    33    58   0.02564
    33    59   0.02564
    33    62   0.02564
    33    65   0.02564
    33    66   0.05128
    33    67   0.07692
    33    68   0.07692
    33    69   0.07692
    34    39   0.10256
    34    40   0.02564
    34    41   0.02564
    34    42   0.10256
    34    43   0.05128
    34    44   0.05128
    34    49   0.10256
    34    50   0.12821
    34    51   0.02564
    34    56   0.05128
    34    57   0.05128
    34    58   0.02564
    34    61   0.02564
    34    66   0.02564
    34    67   0.02564
    34    68   0.07692
    34    69   0.02564
    35    40   0.05128
    35    41   0.02564
    35    42   0.05128
    35    49   0.10256
    35    50   0.02564
    35    63   0.02564
    35    64   0.07692
    35    65   0.10256
    35    66   0.10256
    35    68   0.05128
    36    41   0.02564
    36    42   0.02564
    36    48   0.07692
    36    49   0.05128
    36    50   0.05128
    36    54   0.02564
    36    63   0.02564
    36    64   0.02564
    36    65   0.05128
    36    66   0.05128
    37    42   0.02564
    37    46   0.05128
    37    47   0.07692
    37    48   0.07692
    37    49   0.05128
    37    52   0.02564
    37    53   0.02564
    37    63   0.02564
    37    64   0.02564
    37    66   0.02564
    37    67   0.02564
    37    68   0.02564
    37    69   0.05128
    38    43   0.02564
    38    45   0.02564
    38    46   0.05128
    38    47   0.07692
    38    48   0.02564
    38    49   0.02564
    38    51   0.02564
    38    52   0.02564
    38    55   0.02564
    38    58   0.02564
    38    59   0.02564
    38    60   0.02564
    38    63   0.02564
    38    64   0.02564
    38    68   0.02564
    38    69   0.05128
    39    44   0.05128
    39    45   0.02564
    39    47   0.02564
    39    48   0.02564
    39    49   0.02564
    39    50   0.02564
    39    51   0.02564
    39    60   0.02564
    39    62   0.05128
    39    63   0.05128
    39    64   0.02564
    39    67   0.05128
    39    68   0.05128
    40    45   0.07692
    40    47   0.05128
    40    48   0.02564
    40    49   0.02564
    40    50   0.02564
    40    57   0.02564
    40    61   0.02564
    40    62   0.07692
    40    63   0.02564
    40    64   0.02564
    40    65   0.02564
    40    66   0.02564
    40    67   0.05128
    41    46   0.02564
    41    48   0.02564
    41    52   0.02564
    41    53   0.02564
    41    55   0.02564
    41    56   0.02564
    41    65   0.02564
    41    66   0.05128
    41    67   0.02564
    42    47   0.07692
    42    48   0.05128
    42    51   0.02564
    42    52   0.02564
    42    54   0.02564
    42    55   0.02564
    42    61   0.02564
    42    64   0.02564
    42    66   0.02564
    42    68   0.02564
    42    69   0.05128
    43    48   0.10256
    43    50   0.02564
    43    51   0.02564
    43    53   0.05128
    43    54   0.05128
    43    55   0.02564
    43    57   0.02564
    43    64   0.02564
    43    66   0.02564
    43    67   0.02564
    43    68   0.05128
    44    49   0.02564
    44    50   0.05128
    44    51   0.05128
    44    52   0.12821
    44    53   0.10256
    44    65   0.02564
    44    66   0.02564
    44    67   0.05128
    45    50   0.07692
    45    51   0.10256
    45    52   0.10256
    45    53   0.05128
    45    60   0.02564
    45    61   0.02564
    45    65   0.02564
    45    66   0.02564
    45    67   0.02564
    46    51   0.10256
    46    59   0.02564
    46    60   0.05128
    46    61   0.02564
    46    62   0.02564
    46    63   0.02564
    46    64   0.02564
    46    65   0.02564
    46    69   0.05128
    47    58   0.02564
    47    59   0.05128
    47    61   0.02564
    47    68   0.05128
    47    69   0.05128
    48    53   0.02564
    48    57   0.05128
    48    58   0.05128
    48    59   0.02564
    48    60   0.02564
    48    63   0.02564
    48    64   0.02564
    48    65   0.02564
    48    67   0.07692
    48    68   0.07692
    48    69   0.05128
    49    56   0.02564
    49    57   0.05128
    49    58   0.02564
    49    59   0.05128
    49    60   0.02564
    49    61   0.02564
    49    63   0.05128
    49    64   0.02564
    49    65   0.05128
    49    66   0.10256
    49    67   0.10256
    49    68   0.05128
    49    69   0.15385
    50    56   0.02564
    50    57   0.05128
    50    59   0.02564
    50    60   0.02564
    50    61   0.02564
    50    62   0.02564
    50    63   0.02564
    50    64   0.05128
    50    65   0.05128
    50    66   0.12821
    50    67   0.17949
    50    68   0.20513
    50    69   0.10256
    51    56   0.02564
    51    57   0.02564
    51    59   0.02564
    51    60   0.02564
    51    61   0.02564
    51    62   0.02564
    51    63   0.05128
    51    64   0.12821
    51    65   0.05128
    51    66   0.23077
    51    67   0.25641
    51    68   0.07692
    51    69   0.15385
    52    57   0.02564
    52    58   0.02564
    52    59   0.02564
    52    60   0.07692
    52    61   0.02564
    52    62   0.12821
    52    63   0.12821
    52    64   0.10256
    52    65   0.12821
    52    66   0.28205
    52    67   0.07692
    52    68   0.07692
    52    69   0.05128
    53    58   0.02564
    53    59   0.02564
    53    60   0.07692
    53    61   0.10256
    53    62   0.15385
    53    63   0.15385
    53    64   0.17949
    53    65   0.15385
    53    66   0.10256
    53    67   0.07692
    54    59   0.05128
    54    60   0.17949
    54    61   0.17949
    54    62   0.28205
    54    63   0.17949
    54    64   0.17949
    54    65   0.02564
    54    66   0.10256
    55    60   0.15385
    55    61   0.15385
    55    62   0.20513
    55    63   0.10256
    55    64   0.05128
    55    65   0.05128
    55    66   0.02564
    55    68   0.02564
    55    69   0.05128
    56    61   0.15385
    56    62   0.12821
    56    63   0.12821
    56    64   0.12821
    56    65   0.05128
    56    69   0.02564
    57    62   0.05128
    57    63   0.07692
    57    64   0.07692
    57    65   0.02564
    57    66   0.02564
    58    63   0.05128
    58    64   0.02564
    59    64   0.02564
    59    65   0.02564
    60    65   0.02564
    60    66   0.02564
    62    67   0.05128
    62    68   0.02564
    63    68   0.02564
