         1227
         2         53      0.200
         2         64      0.200
         3         56      0.200
         5         52      0.200
         6         51      0.200
         7         49      0.200
         7         51      0.200
         9         24      0.200
         9         50      0.200
         9         52      0.200
        10         24      0.200
        10         49      0.200
        11         20      0.200
        11         21      0.200
        11         22      0.200
        11         30      0.200
        11         36      0.200
        11         43      0.200
        11         44      0.200
        11         50      0.200
        11         52      0.200
        12         22      0.200
        14         19      0.200
        14         20      0.200
        14         37      0.200
        14         40      0.200
        14         41      0.200
        14         44      0.200
        19         60      0.200
        20         61      0.200
        21         60      0.200
        22         30      0.200
        22         36      0.200
        22         37      0.200
        22         40      0.200
        22         63      0.200
        23         28      0.200
        23         29      0.200
        23         62      0.200
        29         34      0.200
        36         50      0.200
        36         63      0.200
        36         66      0.200
        39         66      0.200
        39         68      0.200
        40         63      0.200
        40         66      0.200
        42         68      0.200
        43         48      0.200
        43         50      0.200
        43         66      0.200
        43         68      0.200
        48         68      0.200
        50         66      0.200
        50         68      0.200
        51         67      0.200
        51         69      0.200
        52         63      0.200
        52         66      0.200
        53         64      0.200
        53         65      0.200
        54         61      0.200
        54         63      0.200
        54         64      0.200
        55         62      0.200
        55         64      0.200
        56         61      0.200
        57         63      0.200
         1          8      0.077
         1          9      0.026
         1         10      0.103
         1         11      0.077
         1         12      0.026
         1         14      0.026
         1         20      0.051
         1         22      0.077
         1         23      0.026
         1         24      0.026
         1         25      0.026
         1         26      0.026
         1         27      0.026
         1         28      0.026
         1         35      0.026
         1         38      0.026
         1         39      0.026
         1         53      0.026
         1         54      0.026
         1         59      0.051
         1         61      0.026
         1         62      0.026
         1         63      0.051
         1         66      0.026
         1         67      0.026
         1         68      0.026
         1         69      0.026
         2          8      0.077
         2          9      0.051
         2         11      0.103
         2         12      0.026
         2         13      0.026
         2         14      0.026
         2         16      0.026
         2         20      0.026
         2         26      0.026
         2         27      0.026
         2         53      0.051
         2         54      0.026
         2         55      0.051
         2         56      0.026
         2         57      0.051
         2         59      0.051
         2         61      0.051
         2         62      0.026
         2         63      0.026
         2         64      0.051
         2         69      0.026
         3          8      0.077
         3          9      0.026
         3         11      0.026
         3         12      0.026
         3         14      0.026
         3         16      0.026
         3         24      0.026
         3         25      0.051
         3         26      0.051
         3         27      0.026
         3         33      0.026
         3         35      0.026
         3         36      0.026
         3         37      0.026
         3         40      0.026
         3         41      0.026
         3         53      0.026
         3         54      0.077
         3         55      0.026
         3         56      0.026
         3         57      0.026
         3         58      0.026
         3         59      0.051
         3         60      0.026
         3         61      0.026
         3         63      0.026
         4          9      0.154
         4         11      0.077
         4         13      0.026
         4         14      0.026
         4         15      0.026
         4         16      0.051
         4         20      0.026
         4         22      0.026
         4         24      0.026
         4         27      0.051
         4         29      0.026
         4         30      0.026
         4         32      0.051
         4         36      0.026
         4         37      0.051
         4         39      0.026
         4         40      0.026
         4         48      0.026
         4         51      0.026
         4         53      0.077
         4         54      0.051
         4         55      0.051
         4         57      0.051
         4         60      0.026
         4         64      0.026
         4         66      0.026
         5         10      0.026
         5         11      0.026
         5         12      0.026
         5         13      0.026
         5         14      0.051
         5         15      0.026
         5         16      0.026
         5         20      0.077
         5         22      0.026
         5         23      0.077
         5         24      0.026
         5         25      0.051
         5         26      0.077
         5         27      0.077
         5         34      0.026
         5         36      0.026
         5         39      0.026
         5         40      0.026
         5         48      0.026
         5         51      0.051
         5         52      0.103
         5         53      0.026
         5         54      0.154
         5         55      0.051
         5         56      0.026
         5         65      0.026
         5         67      0.026
         5         68      0.051
         5         69      0.026
         6         13      0.051
         6         14      0.051
         6         15      0.026
         6         16      0.026
         6         20      0.051
         6         22      0.026
         6         23      0.051
         6         24      0.051
         6         26      0.026
         6         27      0.051
         6         33      0.026
         6         34      0.026
         6         35      0.026
         6         37      0.026
         6         49      0.051
         6         50      0.026
         6         51      0.103
         6         52      0.026
         6         53      0.051
         6         54      0.026
         6         55      0.026
         6         62      0.026
         6         64      0.026
         6         65      0.026
         6         69      0.051
         7         12      0.026
         7         13      0.026
         7         14      0.051
         7         17      0.026
         7         20      0.051
         7         21      0.026
         7         22      0.026
         7         23      0.128
         7         24      0.103
         7         25      0.026
         7         26      0.103
         7         27      0.051
         7         33      0.026
         7         34      0.026
         7         49      0.077
         7         50      0.026
         7         51      0.026
         7         52      0.051
         7         53      0.026
         7         54      0.051
         7         55      0.051
         7         56      0.026
         7         57      0.026
         7         58      0.026
         7         64      0.026
         7         69      0.051
         8         13      0.026
         8         17      0.026
         8         19      0.077
         8         20      0.128
         8         21      0.077
         8         22      0.077
         8         23      0.256
         8         24      0.103
         8         25      0.103
         8         27      0.051
         8         29      0.026
         8         30      0.026
         8         31      0.026
         8         33      0.051
         8         35      0.077
         8         47      0.051
         8         49      0.103
         8         51      0.077
         8         52      0.051
         8         53      0.179
         8         54      0.103
         8         55      0.128
         8         57      0.051
         8         60      0.026
         8         62      0.026
         8         63      0.026
         8         64      0.051
         8         67      0.077
         8         68      0.026
         8         69      0.103
         9         14      0.026
         9         15      0.026
         9         17      0.026
         9         18      0.026
         9         19      0.051
         9         20      0.128
         9         21      0.128
         9         22      0.154
         9         23      0.026
         9         24      0.333
         9         26      0.128
         9         27      0.051
         9         28      0.026
         9         29      0.051
         9         30      0.026
         9         32      0.077
         9         33      0.051
         9         34      0.103
         9         35      0.026
         9         36      0.051
         9         38      0.026
         9         41      0.026
         9         44      0.051
         9         45      0.051
         9         46      0.051
         9         47      0.051
         9         48      0.103
         9         50      0.179
         9         51      0.026
         9         52      0.154
         9         54      0.026
         9         55      0.026
         9         57      0.051
         9         59      0.051
         9         62      0.026
         9         64      0.026
         9         66      0.026
        10         15      0.026
        10         18      0.026
        10         19      0.077
        10         20      0.128
        10         21      0.154
        10         22      0.154
        10         23      0.205
        10         24      0.103
        10         25      0.051
        10         28      0.077
        10         29      0.051
        10         33      0.026
        10         35      0.051
        10         37      0.026
        10         46      0.026
        10         47      0.026
        10         49      0.103
        10         51      0.154
        10         52      0.077
        10         53      0.103
        10         54      0.026
        10         63      0.077
        10         64      0.026
        10         67      0.051
        10         68      0.051
        11         16      0.051
        11         17      0.051
        11         18      0.026
        11         19      0.128
        11         20      0.282
        11         21      0.077
        11         22      0.385
        11         23      0.103
        11         24      0.256
        11         25      0.103
        11         26      0.051
        11         27      0.026
        11         28      0.077
        11         30      0.051
        11         31      0.026
        11         32      0.077
        11         33      0.051
        11         34      0.179
        11         36      0.179
        11         37      0.026
        11         38      0.026
        11         39      0.051
        11         40      0.051
        11         41      0.026
        11         43      0.051
        11         44      0.051
        11         46      0.051
        11         48      0.051
        11         49      0.077
        11         50      0.205
        11         51      0.077
        11         52      0.128
        11         54      0.077
        11         55      0.026
        11         61      0.026
        11         62      0.026
        11         63      0.051
        11         65      0.026
        11         66      0.077
        11         67      0.026
        11         68      0.077
        12         17      0.051
        12         18      0.026
        12         19      0.256
        12         20      0.154
        12         21      0.154
        12         22      0.205
        12         23      0.205
        12         24      0.154
        12         25      0.026
        12         28      0.026
        12         29      0.026
        12         31      0.026
        12         33      0.051
        12         36      0.026
        12         37      0.026
        12         38      0.026
        12         40      0.051
        12         41      0.026
        12         42      0.026
        12         43      0.026
        12         44      0.077
        12         46      0.051
        12         49      0.103
        12         50      0.077
        12         52      0.103
        12         64      0.026
        12         66      0.026
        12         67      0.026
        12         68      0.051
        12         69      0.077
        13         18      0.077
        13         19      0.103
        13         20      0.231
        13         21      0.026
        13         22      0.154
        13         23      0.103
        13         31      0.026
        13         32      0.026
        13         33      0.026
        13         36      0.026
        13         37      0.077
        13         39      0.051
        13         40      0.051
        13         44      0.026
        13         45      0.051
        13         46      0.077
        13         47      0.103
        13         48      0.103
        13         49      0.026
        13         50      0.051
        13         52      0.077
        13         67      0.026
        13         68      0.051
        13         69      0.103
        14         19      0.231
        14         20      0.205
        14         21      0.205
        14         22      0.205
        14         23      0.128
        14         24      0.103
        14         28      0.051
        14         32      0.026
        14         33      0.051
        14         36      0.026
        14         37      0.026
        14         40      0.051
        14         41      0.051
        14         42      0.077
        14         43      0.026
        14         44      0.128
        14         45      0.051
        14         46      0.128
        14         47      0.179
        14         48      0.128
        14         49      0.103
        14         50      0.128
        14         51      0.026
        14         52      0.051
        14         54      0.026
        14         57      0.026
        14         63      0.026
        14         64      0.051
        14         65      0.026
        14         66      0.103
        14         67      0.103
        14         68      0.077
        14         69      0.231
        15         20      0.077
        15         21      0.128
        15         23      0.103
        15         26      0.026
        15         28      0.026
        15         33      0.077
        15         34      0.026
        15         42      0.026
        15         45      0.026
        15         46      0.051
        15         50      0.026
        15         52      0.026
        15         53      0.026
        15         61      0.026
        15         65      0.026
        15         69      0.077
        16         21      0.128
        16         22      0.051
        16         23      0.051
        16         24      0.026
        16         25      0.026
        16         26      0.026
        16         30      0.026
        16         33      0.026
        16         34      0.026
        16         36      0.051
        16         37      0.051
        16         41      0.026
        16         45      0.026
        16         48      0.026
        16         49      0.026
        16         51      0.026
        16         52      0.026
        16         66      0.026
        16         68      0.051
        17         22      0.051
        17         23      0.051
        17         27      0.026
        17         29      0.026
        17         31      0.026
        17         32      0.026
        17         33      0.077
        17         34      0.051
        17         35      0.026
        17         36      0.026
        17         37      0.051
        17         39      0.026
        17         42      0.026
        17         49      0.026
        17         53      0.026
        17         54      0.026
        17         55      0.026
        17         61      0.026
        17         63      0.026
        17         66      0.026
        18         26      0.026
        18         27      0.077
        18         28      0.026
        18         30      0.051
        18         31      0.051
        18         32      0.103
        18         33      0.077
        18         34      0.026
        18         36      0.051
        18         37      0.103
        18         39      0.026
        18         40      0.051
        18         42      0.026
        18         45      0.026
        18         50      0.026
        18         51      0.026
        18         52      0.026
        18         54      0.026
        18         59      0.026
        18         67      0.026
        18         68      0.026
        18         69      0.103
        19         24      0.026
        19         25      0.026
        19         26      0.026
        19         27      0.026
        19         30      0.051
        19         31      0.179
        19         32      0.051
        19         33      0.026
        19         34      0.026
        19         35      0.026
        19         36      0.026
        19         37      0.026
        19         38      0.026
        19         39      0.077
        19         40      0.103
        19         41      0.026
        19         42      0.026
        19         43      0.026
        19         44      0.077
        19         45      0.051
        19         46      0.103
        19         49      0.026
        19         50      0.026
        19         51      0.077
        19         52      0.077
        19         53      0.077
        19         54      0.051
        19         59      0.026
        19         60      0.051
        19         65      0.026
        19         67      0.077
        19         68      0.128
        19         69      0.077
        20         26      0.026
        20         27      0.077
        20         28      0.051
        20         29      0.026
        20         30      0.103
        20         31      0.051
        20         32      0.128
        20         33      0.026
        20         34      0.103
        20         35      0.026
        20         36      0.103
        20         37      0.077
        20         40      0.051
        20         42      0.051
        20         44      0.051
        20         45      0.103
        20         46      0.026
        20         47      0.026
        20         49      0.051
        20         50      0.179
        20         51      0.026
        20         52      0.282
        20         53      0.026
        20         54      0.103
        20         57      0.051
        20         61      0.051
        20         62      0.051
        20         63      0.077
        20         64      0.026
        20         65      0.051
        20         66      0.103
        20         67      0.077
        20         68      0.128
        20         69      0.026
        21         27      0.026
        21         28      0.128
        21         29      0.128
        21         30      0.077
        21         31      0.077
        21         33      0.026
        21         34      0.051
        21         35      0.026
        21         36      0.026
        21         37      0.051
        21         39      0.051
        21         42      0.026
        21         43      0.051
        21         44      0.103
        21         45      0.051
        21         46      0.051
        21         47      0.026
        21         49      0.103
        21         50      0.128
        21         51      0.077
        21         52      0.051
        21         53      0.026
        21         55      0.026
        21         57      0.026
        21         58      0.051
        21         60      0.051
        21         61      0.026
        21         62      0.051
        21         63      0.128
        21         65      0.051
        21         66      0.128
        21         67      0.077
        21         68      0.077
        21         69      0.077
        22         27      0.051
        22         28      0.103
        22         29      0.103
        22         30      0.103
        22         32      0.077
        22         33      0.128
        22         34      0.282
        22         35      0.051
        22         36      0.205
        22         37      0.128
        22         40      0.077
        22         41      0.026
        22         43      0.026
        22         45      0.026
        22         48      0.103
        22         49      0.051
        22         50      0.128
        22         52      0.179
        22         57      0.077
        22         58      0.026
        22         59      0.026
        22         63      0.205
        22         64      0.051
        22         65      0.051
        22         66      0.103
        22         67      0.051
        22         68      0.103
        22         69      0.051
        23         28      0.154
        23         29      0.051
        23         30      0.077
        23         31      0.051
        23         33      0.128
        23         34      0.051
        23         35      0.051
        23         36      0.026
        23         37      0.077
        23         48      0.077
        23         49      0.077
        23         50      0.051
        23         51      0.026
        23         52      0.051
        23         53      0.026
        23         54      0.051
        23         55      0.077
        23         57      0.026
        23         58      0.026
        23         59      0.026
        23         62      0.051
        23         63      0.154
        23         64      0.051
        23         65      0.051
        23         66      0.103
        23         67      0.051
        23         68      0.051
        23         69      0.026
        24         29      0.128
        24         30      0.154
        24         32      0.128
        24         33      0.103
        24         34      0.231
        24         35      0.026
        24         36      0.051
        24         39      0.026
        24         43      0.051
        24         45      0.103
        24         46      0.026
        24         47      0.026
        24         48      0.077
        24         50      0.051
        24         52      0.128
        24         53      0.026
        24         54      0.077
        24         56      0.026
        24         57      0.026
        24         58      0.026
        24         59      0.026
        24         61      0.026
        24         63      0.154
        24         64      0.077
        24         65      0.026
        24         66      0.026
        24         67      0.051
        24         68      0.051
        25         30      0.077
        25         31      0.026
        25         33      0.103
        25         34      0.103
        25         42      0.026
        25         45      0.026
        25         46      0.026
        25         52      0.026
        25         63      0.103
        25         65      0.026
        25         67      0.026
        25         68      0.026
        26         31      0.026
        26         32      0.051
        26         33      0.026
        26         39      0.026
        26         41      0.026
        26         43      0.026
        26         45      0.051
        26         53      0.026
        26         54      0.026
        26         55      0.026
        26         56      0.026
        26         57      0.026
        26         59      0.051
        26         63      0.026
        26         64      0.026
        27         32      0.051
        27         33      0.077
        27         34      0.026
        27         39      0.026
        27         41      0.026
        27         42      0.026
        27         47      0.026
        27         52      0.026
        27         54      0.026
        27         55      0.026
        27         56      0.026
        27         58      0.077
        27         60      0.026
        27         61      0.051
        27         62      0.051
        27         64      0.026
        27         65      0.026
        28         33      0.026
        28         34      0.077
        28         39      0.051
        28         41      0.026
        28         42      0.026
        28         43      0.026
        28         44      0.051
        28         45      0.026
        28         50      0.026
        28         53      0.026
        28         54      0.026
        28         55      0.077
        28         56      0.026
        28         57      0.051
        28         58      0.051
        28         59      0.051
        28         63      0.051
        28         64      0.026
        28         65      0.051
        28         66      0.051
        28         68      0.051
        29         34      0.128
        29         35      0.026
        29         36      0.026
        29         39      0.077
        29         40      0.026
        29         41      0.051
        29         42      0.051
        29         43      0.051
        29         44      0.026
        29         45      0.026
        29         50      0.026
        29         52      0.077
        29         53      0.103
        29         54      0.128
        29         55      0.051
        29         58      0.077
        29         59      0.051
        29         60      0.026
        29         61      0.077
        29         62      0.077
        29         63      0.051
        29         64      0.051
        29         65      0.051
        29         69      0.026
        30         35      0.026
        30         36      0.051
        30         37      0.051
        30         39      0.077
        30         40      0.051
        30         42      0.026
        30         43      0.103
        30         44      0.026
        30         45      0.026
        30         46      0.026
        30         48      0.051
        30         50      0.051
        30         51      0.026
        30         52      0.128
        30         53      0.103
        30         54      0.103
        30         55      0.026
        30         56      0.026
        30         57      0.051
        30         58      0.051
        30         59      0.051
        30         60      0.026
        30         61      0.026
        30         62      0.077
        30         63      0.077
        30         64      0.077
        30         65      0.103
        30         66      0.077
        30         67      0.026
        30         68      0.077
        30         69      0.051
        31         36      0.103
        31         37      0.051
        31         38      0.077
        31         39      0.051
        31         40      0.051
        31         41      0.026
        31         44      0.128
        31         45      0.128
        31         50      0.026
        31         51      0.103
        31         52      0.051
        31         53      0.051
        31         56      0.026
        31         58      0.026
        31         59      0.026
        31         61      0.026
        31         63      0.051
        31         64      0.026
        31         66      0.051
        31         67      0.026
        31         68      0.026
        31         69      0.051
        32         37      0.103
        32         40      0.026
        32         43      0.128
        32         44      0.103
        32         45      0.103
        32         48      0.026
        32         50      0.128
        32         51      0.026
        32         52      0.077
        32         53      0.051
        32         54      0.051
        32         55      0.026
        32         56      0.051
        32         57      0.077
        32         58      0.026
        32         59      0.026
        32         61      0.026
        32         63      0.026
        32         64      0.051
        32         65      0.026
        32         66      0.077
        32         67      0.026
        32         68      0.103
        32         69      0.103
        33         38      0.103
        33         40      0.103
        33         41      0.026
        33         42      0.077
        33         43      0.026
        33         45      0.026
        33         47      0.026
        33         48      0.026
        33         49      0.103
        33         50      0.051
        33         51      0.154
        33         52      0.051
        33         53      0.051
        33         55      0.026
        33         56      0.026
        33         57      0.026
        33         58      0.026
        33         59      0.077
        33         60      0.026
        33         61      0.051
        33         62      0.026
        33         63      0.103
        33         64      0.051
        33         65      0.051
        33         66      0.103
        33         67      0.128
        33         68      0.154
        33         69      0.077
        34         39      0.179
        34         40      0.051
        34         41      0.051
        34         42      0.179
        34         43      0.128
        34         44      0.103
        34         45      0.128
        34         48      0.051
        34         49      0.026
        34         50      0.282
        34         51      0.026
        34         52      0.231
        34         53      0.051
        34         56      0.026
        34         57      0.077
        34         58      0.026
        34         59      0.026
        34         60      0.026
        34         61      0.026
        34         62      0.026
        34         64      0.026
        34         65      0.051
        34         66      0.179
        34         67      0.026
        34         68      0.154
        34         69      0.077
        35         40      0.026
        35         42      0.026
        35         48      0.051
        35         49      0.026
        35         50      0.026
        35         52      0.077
        35         53      0.051
        35         54      0.026
        35         59      0.026
        35         63      0.077
        35         64      0.103
        35         65      0.026
        35         66      0.103
        35         67      0.103
        35         68      0.077
        35         69      0.077
        36         41      0.051
        36         42      0.077
        36         44      0.051
        36         48      0.051
        36         49      0.026
        36         50      0.103
        36         51      0.026
        36         52      0.051
        36         54      0.026
        36         63      0.154
        36         65      0.103
        36         66      0.128
        36         68      0.077
        36         69      0.026
        37         43      0.026
        37         45      0.026
        37         46      0.026
        37         47      0.077
        37         48      0.077
        37         50      0.077
        37         52      0.026
        37         53      0.026
        37         58      0.026
        37         64      0.026
        37         65      0.026
        37         66      0.051
        37         67      0.026
        37         68      0.103
        37         69      0.026
        38         43      0.026
        38         46      0.026
        38         47      0.026
        38         49      0.026
        38         50      0.026
        38         51      0.026
        38         52      0.051
        38         55      0.026
        38         59      0.026
        38         63      0.051
        38         64      0.026
        38         67      0.026
        38         69      0.051
        39         44      0.051
        39         45      0.128
        39         46      0.026
        39         48      0.051
        39         49      0.026
        39         50      0.179
        39         51      0.026
        39         52      0.077
        39         55      0.026
        39         57      0.026
        39         58      0.026
        39         59      0.026
        39         62      0.026
        39         63      0.051
        39         64      0.051
        39         65      0.026
        39         66      0.128
        39         68      0.154
        40         45      0.128
        40         46      0.103
        40         47      0.103
        40         48      0.103
        40         49      0.128
        40         50      0.154
        40         52      0.026
        40         55      0.026
        40         58      0.026
        40         61      0.026
        40         62      0.077
        40         63      0.179
        40         64      0.026
        40         65      0.026
        40         66      0.128
        40         67      0.051
        40         68      0.026
        40         69      0.077
        41         48      0.051
        41         50      0.051
        41         52      0.026
        41         53      0.026
        41         56      0.026
        41         65      0.026
        41         67      0.026
        41         68      0.077
        42         47      0.051
        42         48      0.077
        42         49      0.026
        42         50      0.051
        42         52      0.026
        42         53      0.026
        42         55      0.026
        42         63      0.051
        42         64      0.026
        42         68      0.103
        42         69      0.103
        43         48      0.103
        43         50      0.051
        43         51      0.026
        43         52      0.077
        43         53      0.026
        43         54      0.051
        43         55      0.026
        43         57      0.026
        43         59      0.026
        43         64      0.026
        43         66      0.051
        43         67      0.026
        43         68      0.154
        44         49      0.026
        44         50      0.154
        44         51      0.051
        44         52      0.051
        44         53      0.128
        44         55      0.077
        44         59      0.026
        44         63      0.026
        44         65      0.077
        44         66      0.077
        44         67      0.077
        44         68      0.051
        44         69      0.051
        45         50      0.179
        45         51      0.026
        45         52      0.128
        45         57      0.026
        45         59      0.051
        45         60      0.026
        45         63      0.051
        45         66      0.051
        45         67      0.051
        45         68      0.077
        45         69      0.026
        46         51      0.179
        46         53      0.051
        46         59      0.026
        46         60      0.026
        46         61      0.051
        46         62      0.026
        46         63      0.026
        46         65      0.026
        46         66      0.026
        46         69      0.051
        47         52      0.026
        47         58      0.026
        47         59      0.051
        47         63      0.026
        47         69      0.051
        48         53      0.026
        48         54      0.026
        48         57      0.026
        48         58      0.026
        48         59      0.026
        48         63      0.026
        48         64      0.026
        48         65      0.051
        48         66      0.051
        48         67      0.051
        48         68      0.205
        48         69      0.103
        49         55      0.026
        49         57      0.051
        49         58      0.051
        49         60      0.051
        49         61      0.026
        49         63      0.051
        49         64      0.051
        49         65      0.051
        49         67      0.128
        49         68      0.077
        49         69      0.282
        50         55      0.026
        50         57      0.026
        50         58      0.026
        50         59      0.051
        50         61      0.026
        50         62      0.026
        50         63      0.128
        50         64      0.077
        50         65      0.051
        50         66      0.308
        50         67      0.077
        50         68      0.333
        50         69      0.179
        51         57      0.026
        51         58      0.026
        51         60      0.026
        51         62      0.026
        51         63      0.051
        51         64      0.128
        51         65      0.103
        51         66      0.077
        51         67      0.308
        51         68      0.077
        51         69      0.282
        52         57      0.026
        52         59      0.077
        52         60      0.051
        52         61      0.051
        52         62      0.103
        52         63      0.282
        52         64      0.179
        52         65      0.103
        52         66      0.410
        52         67      0.128
        52         68      0.103
        52         69      0.051
        53         58      0.077
        53         59      0.026
        53         60      0.103
        53         61      0.103
        53         62      0.128
        53         63      0.077
        53         64      0.179
        53         65      0.205
        53         66      0.026
        53         67      0.179
        53         68      0.051
        53         69      0.077
        54         59      0.051
        54         60      0.128
        54         61      0.205
        54         62      0.128
        54         63      0.128
        54         64      0.128
        54         66      0.128
        54         67      0.026
        54         68      0.051
        55         60      0.128
        55         61      0.026
        55         62      0.128
        55         63      0.051
        55         64      0.103
        55         65      0.077
        55         66      0.026
        55         67      0.026
        55         68      0.051
        55         69      0.051
        56         61      0.026
        56         62      0.026
        56         63      0.103
        56         64      0.026
        56         65      0.026
        56         69      0.026
        57         62      0.077
        57         63      0.051
        57         64      0.103
        57         65      0.026
        57         66      0.051
        57         68      0.026
        58         63      0.077
        58         64      0.026
        59         64      0.026
        59         65      0.026
        59         66      0.026
        59         68      0.026
        60         65      0.026
        60         66      0.026
        60         67      0.026
        62         68      0.051
