          325
    1     3    20    6.252    0.521
    1     4    17    8.538    1.178
    1     5    17    9.893    2.258
    1     6    14   10.923    2.846
    1     7    11   12.861    3.760
    2     4    24    5.971    0.649
    2     5    24    7.989    1.629
    2     6    21    9.862    2.252
    2     7    18   11.867    3.124
    2     8    15   12.620    4.811
    3     5    25    6.237    0.542
    3     6    22    8.231    1.771
    3     7    19   10.128    2.836
    3     8    16   11.399    4.182
    3     9    16   12.275    4.627
    4     6    24    5.986    0.645
    4     7    21    8.068    2.023
    4     8    18   10.196    2.600
    4     9    18   11.614    3.400
    4    10    16   13.600    4.135
    5     7    24    6.335    0.784
    5     8    21    8.949    1.590
    5     9    21   10.976    2.163
    5    10    19   13.298    3.176
    5    11    19   15.482    3.171
    6     8    23    6.412    0.612
    6     9    23    8.788    1.427
    6    10    21   11.536    2.070
    6    11    21   14.083    2.309
    6    12    20   16.510    2.932
    7     9    27    6.468    0.470
    7    10    25    9.562    1.012
    7    11    24   12.358    1.271
    7    12    21   15.062    2.325
    7    13    18   17.143    4.037
    8    10    31    6.697    0.298
    8    11    29    9.838    0.744
    8    12    26   12.742    1.701
    8    13    23   15.387    2.861
    8    14    22   17.939    3.161
    9    11    32    6.549    0.493
    9    12    29    9.596    1.298
    9    13    26   12.396    1.955
    9    14    25   14.674    2.386
    9    15    20   17.908    3.210
   10    12    31    6.769    0.400
   10    13    28    9.840    1.078
   10    14    27   12.400    1.316
   10    15    21   15.758    1.694
   10    16    21   17.299    2.531
   11    13    30    6.650    0.548
   11    14    29    9.337    1.101
   11    15    23   12.638    1.123
   11    16    23   14.366    2.164
   11    17    19   15.227    3.196
   12    14    32    6.373    0.510
   12    15    26    9.436    0.874
   12    16    26   11.275    2.033
   12    17    20   11.879    3.335
   12    18    19   10.693    3.851
   13    15    28    6.555    0.593
   13    16    28    8.736    1.558
   13    17    21    9.799    2.380
   13    18    20    9.050    2.826
   13    19    15    8.003    3.275
   14    16    30    6.221    0.655
   14    17    23    7.648    1.584
   14    18    21    7.621    2.163
   14    19    16    7.880    2.779
   14    20    16    8.854    2.891
   15    17    27    6.118    0.622
   15    18    25    7.317    1.615
   15    19    19    8.739    1.910
   15    20    18   10.422    2.809
   15    21    18   12.951    3.133
   16    18    27    6.079    0.602
   16    19    20    7.942    1.293
   16    20    19   10.428    2.288
   16    21    19   13.040    2.696
   16    22    18   15.804    3.159
   17    19    26    6.273    0.641
   17    20    25    9.180    1.251
   17    21    25   11.993    1.614
   17    22    24   14.917    1.696
   17    23    23   17.943    1.781
   18    20    28    6.755    0.603
   18    21    28    9.719    1.399
   18    22    26   12.832    1.469
   18    23    25   15.963    1.606
   18    24    24   18.713    1.604
   19    21    36    6.741    0.415
   19    22    33    9.890    0.732
   19    23    32   13.109    0.752
   19    24    31   15.829    0.972
   19    25    25   18.861    1.143
   20    22    33    6.591    0.456
   20    23    32    9.959    0.463
   20    24    31   12.760    0.760
   20    25    25   15.899    0.963
   20    26    22   17.489    2.097
   21    23    33    6.727    0.380
   21    24    32    9.723    0.534
   21    25    25   12.889    0.817
   21    26    22   14.489    1.956
   21    27    20   15.432    3.670
   22    24    34    6.446    0.423
   22    25    27    9.518    1.064
   22    26    24   11.330    1.904
   22    27    22   12.478    3.255
   22    28    19   12.773    4.317
   23    25    28    6.492    0.589
   23    26    25    8.603    1.590
   23    27    23   10.083    2.757
   23    28    20   10.951    3.388
   23    29    11    9.427    3.728
   24    26    27    6.177    0.590
   24    27    25    8.206    1.741
   24    28    22    9.443    2.438
   24    29    13    9.560    3.035
   24    30    11   10.335    3.531
   25    27    29    6.350    0.670
   25    28    25    8.129    1.374
   25    29    14    9.311    2.509
   25    30    12   10.580    3.491
   25    31    10   11.976    4.442
   26    28    29    6.020    0.637
   26    29    16    7.992    1.583
   26    30    14    9.576    2.776
   26    31    11   11.136    3.708
   26    32    11   12.673    5.196
   27    29    17    6.104    0.695
   27    30    15    7.989    1.949
   27    31    12   10.049    2.694
   27    32    12   11.939    4.332
   27    33    11   14.598    4.274
   28    30    19    6.362    0.569
   28    31    16    8.620    1.694
   28    32    16   10.691    2.980
   28    33    14   13.071    3.207
   28    34    14   14.575    4.078
   29    31    21    6.192    0.653
   29    32    20    8.512    2.002
   29    33    18   10.674    2.624
   29    34    17   12.820    2.940
   29    35    15   13.311    3.323
   30    32    27    6.292    0.729
   30    33    25    8.320    1.919
   30    34    24   10.552    2.481
   30    35    21   12.002    3.003
   30    36    19   13.731    4.232
   31    33    32    6.236    0.556
   31    34    31    8.472    1.709
   31    35    26    9.931    2.645
   31    36    24   11.955    3.713
   31    37    21   12.288    4.613
   32    34    31    6.051    0.550
   32    35    26    7.653    2.025
   32    36    24    9.611    3.095
   32    37    21   10.515    3.688
   32    38    16   12.601    4.356
   33    35    29    5.979    0.564
   33    36    26    7.646    2.081
   33    37    23    8.979    2.542
   33    38    18   11.083    3.494
   33    39    16   12.730    3.613
   34    36    27    6.103    0.577
   34    37    24    7.505    1.847
   34    38    18    9.499    2.874
   34    39    16   11.577    3.099
   34    40    13   13.566    3.295
   35    37    30    6.002    0.579
   35    38    24    7.621    1.972
   35    39    21    9.263    2.586
   35    40    18   11.345    3.040
   35    41    16   13.336    3.615
   36    38    27    6.027    0.676
   36    39    24    7.379    2.101
   36    40    21    9.036    3.012
   36    41    19   11.221    3.765
   36    42    18   12.339    4.503
   37    39    28    6.051    0.700
   37    40    24    7.611    2.109
   37    41    22    9.576    2.956
   37    42    20   11.118    3.125
   37    43    15   11.682    2.595
   38    40    25    5.955    0.573
   38    41    23    7.548    2.076
   38    42    21    8.846    2.816
   38    43    16    9.951    2.733
   38    44    15   10.828    2.565
   39    41    27    5.904    0.620
   39    42    25    7.117    1.872
   39    43    20    8.491    2.484
   39    44    19   10.378    3.010
   39    45    17   11.003    3.805
   40    42    30    6.121    0.637
   40    43    23    7.409    1.958
   40    44    21    9.113    2.933
   40    45    18   10.239    4.061
   40    46    18   12.470    4.568
   41    43    23    6.067    0.655
   41    44    21    7.783    2.038
   41    45    18    8.994    3.044
   41    46    18   11.573    3.328
   41    47    16   12.740    4.084
   42    44    27    6.160    0.659
   42    45    24    8.046    2.082
   42    46    24   10.361    2.880
   42    47    21   11.838    2.889
   42    48    20   12.049    3.085
   43    45    28    6.220    0.641
   43    46    28    8.354    1.877
   43    47    22    9.544    2.573
   43    48    21    9.955    3.109
   43    49    21   11.264    2.903
   44    46    30    6.205    0.668
   44    47    23    7.780    1.822
   44    48    22    8.716    2.244
   44    49    22   10.200    2.265
   44    50    22   10.695    2.993
   45    47    24    5.951    0.570
   45    48    23    7.106    1.397
   45    49    23    9.046    2.041
   45    50    23   10.235    2.561
   45    51    21   12.866    3.178
   46    48    26    6.136    0.570
   46    49    26    8.466    1.540
   46    50    26   10.292    2.221
   46    51    24   13.250    2.966
   46    52    21   15.266    3.139
   47    49    33    6.480    0.642
   47    50    33    8.748    1.473
   47    51    31   12.031    1.762
   47    52    28   14.425    1.952
   47    53    27   17.745    2.034
   48    50    38    6.416    0.497
   48    51    36    9.762    0.700
   48    52    33   12.584    0.949
   48    53    32   15.783    1.125
   48    54    30   18.396    2.138
   49    51    36    6.694    0.406
   49    52    33    9.839    0.553
   49    53    32   12.980    0.651
   49    54    30   15.721    1.472
   49    55    26   18.048    2.310
   50    52    34    6.542    0.299
   50    53    33    9.832    0.457
   50    54    30   12.644    1.352
   50    55    26   14.977    2.112
   50    56    19   17.879    2.141
   51    53    34    6.581    0.434
   51    54    31    9.600    1.216
   51    55    27   11.872    2.327
   51    56    20   14.670    2.618
   51    57    16   16.134    3.030
   52    54    35    6.532    0.545
   52    55    31    9.081    1.561
   52    56    24   11.923    1.922
   52    57    20   13.651    2.804
   52    58    18   15.057    3.811
   53    55    32    6.437    0.607
   53    56    25    9.351    1.262
   53    57    21   11.107    2.477
   53    58    19   12.763    3.442
   53    59    19   13.574    3.687
   54    56    27    6.531    0.668
   54    57    22    8.655    1.543
   54    58    19   10.765    2.375
   54    59    19   11.788    3.015
   54    60    16   12.213    4.749
   55    57    22    6.247    0.625
   55    58    19    8.426    1.650
   55    59    19    9.984    2.498
   55    60    16   10.944    4.075
   55    61    16   10.678    5.243
   56    58    22    6.371    0.692
   56    59    22    8.326    1.752
   56    60    19    9.877    3.039
   56    61    17   10.067    4.400
   56    62    17   10.797    4.736
   57    59    24    6.316    0.599
   57    60    19    8.440    1.751
   57    61    17    9.465    2.825
   57    62    17   10.348    3.629
   57    63    14   11.814    3.711
   58    60    23    6.171    0.592
   58    61    19    7.900    1.807
   58    62    19    9.205    2.594
   58    63    15   11.149    3.008
   58    64    15   12.672    3.670
   59    61    22    6.373    0.731
   59    62    21    8.175    1.685
   59    63    17   10.575    2.495
   59    64    17   12.629    3.053
   59    65    16   15.998    2.776
   60    62    25    6.370    0.571
   60    63    20    8.885    1.506
   60    64    20   11.543    1.658
   60    65    19   14.683    1.711
   60    66    17   16.772    1.804
   61    63    25    6.435    0.465
   61    64    24    9.220    0.874
   61    65    23   12.251    0.938
   61    66    21   14.613    1.609
   61    67    20   17.575    1.587
   62    64    29    6.590    0.419
   62    65    27    9.788    0.607
   62    66    25   12.300    1.402
   62    67    24   15.515    1.406
   62    68    23   18.189    1.592
   63    65    30    6.508    0.473
   63    66    27    9.067    1.439
   63    67    26   12.285    1.374
   63    68    25   15.090    1.549
   63    69    24   18.236    1.763
   64    66    28    6.528    0.672
   64    67    27    9.796    0.835
   64    68    26   12.803    0.909
   64    69    25   15.873    1.067
   65    67    29    6.727    0.311
   65    68    28    9.954    0.501
   65    69    26   12.947    0.945
   66    68    34    6.627    0.417
   66    69    32    9.710    1.031
   67    69    32    6.610    0.500
