          322
         1          8      0.500
         1         68      0.500
         1         71      0.500
         1         72      0.250
         1         75      0.250
         2         95      0.250
         2        152      0.500
         3         89      0.250
         3         90      0.250
         3         91      0.250
         3         92      0.250
         3         93      0.250
         3         98      0.250
         3         99      0.250
         3        100      0.250
         3        101      0.250
         3        152      0.500
         4         67      1.000
         4         71      0.750
         4         95      0.250
         4         96      0.250
         6         92      0.250
         6        101      0.250
         6        145      0.500
         6        148      0.500
         6        149      0.500
         6        152      0.500
         6        155      0.250
         6        162      0.250
         7         71      0.750
         7         92      0.250
         7         93      0.250
         7         95      0.250
         7         96      0.500
         7        101      0.250
         7        104      0.250
         7        105      0.250
         8         13      1.000
         8         29      1.000
         8         67      1.000
         9        148      0.500
        10         96      0.250
        10        105      0.250
        10        145      0.500
        10        148      0.500
        10        152      0.250
        10        155      0.250
        11         29      1.000
        11         30      1.000
        11         67      1.000
        11         95      0.250
        11         96      0.250
        13         28      1.000
        13         29      1.000
        13         67      1.000
        14         26      1.000
        14         28      1.000
        15         57      1.000
        15         58      1.000
        15         60      1.000
        16         57      1.000
        17         25      1.000
        17         26      1.000
        17         27      1.000
        17         52      1.000
        17         53      1.000
        17         54      1.000
        17         56      1.000
        18         25      1.000
        18         26      1.000
        19         24      1.000
        19         26      1.000
        24         32      0.750
        24         49      0.250
        24         52      1.000
        25         52      1.000
        25         53      1.000
        25         54      1.000
        26         32      0.750
        26         52      1.000
        27         52      1.000
        27         58      1.000
        27         66      1.000
        28         63      1.000
        28         67      1.000
        29         67      1.000
        29         95      0.250
        29         96      0.250
        31         50      0.500
        31         52      1.000
        31         66      1.000
        31         67      1.000
        31         70      1.000
        32         50      0.250
        32         52      0.750
        33         51      0.500
        33         52      0.500
        33         66      0.500
        33         70      0.500
        50         66      0.500
        50         70      0.500
        58         63      1.000
        58         66      1.000
        67         95      0.250
        67         96      0.250
        67        104      0.250
        70         95      0.250
        70         96      0.250
        70        104      0.250
        71         91      0.250
        71         95      0.250
        71         96      0.250
        71        100      0.250
        71        104      0.250
        74         91      0.250
        74         94      0.250
        74         95      0.500
        74         96      0.250
        74        100      0.250
        74        103      0.250
        74        104      0.250
        75         88      0.250
        75         89      0.500
        75         91      0.250
        75         95      0.250
        75        100      0.250
        77         94      0.250
        77         95      0.250
        77         99      0.500
        77        103      0.250
        77        106      0.250
        78         87      0.500
        78         88      0.250
        78         89      0.500
        78         91      0.250
        78         94      0.250
        78         95      0.250
        78         97      0.250
        78        100      0.250
        78        103      0.250
        78        122      0.250
        79         88      0.250
        79         89      0.500
        79         90      0.500
        80         99      0.500
        80        106      0.250
        81         87      0.500
        81         95      0.250
        81         99      0.500
        81        103      0.500
        81        106      0.250
        81        118      0.500
        81        119      0.250
        82         88      0.250
        83        125      0.250
        84        127      0.250
        84        157      0.250
        86        155      0.250
        87         95      0.250
        87        118      0.500
        87        121      0.500
        87        127      0.250
        87        130      0.250
        87        153      0.250
        87        157      0.250
        88        121      0.500
        88        122      0.500
        88        124      0.500
        89         95      0.250
        89         97      0.250
        89        100      0.250
        90        133      0.250
        90        149      0.250
        90        152      0.250
        90        153      0.250
        91        124      0.500
        91        126      0.500
        92        126      0.500
        92        149      0.250
        92        157      0.250
        93        102      0.250
        93        133      0.250
        93        149      0.500
        94         99      0.250
        94        102      0.500
        94        135      0.250
        94        138      0.250
        94        149      0.250
        95        102      0.250
        95        162      0.250
        96        121      0.250
        96        126      0.250
        96        128      0.250
        96        130      0.250
        96        136      0.250
        96        142      0.250
        96        145      0.250
        96        149      0.250
        96        161      0.250
        97        138      0.250
        97        145      0.250
        99        130      0.250
        99        133      0.250
        99        161      0.250
       101        138      0.250
       102        115      0.250
       102        116      0.250
       102        117      0.250
       102        118      0.500
       102        119      0.250
       102        133      0.250
       102        136      0.250
       102        138      0.500
       102        153      0.250
       102        161      0.250
       103        114      0.250
       103        115      0.250
       103        116      0.250
       103        118      0.250
       103        119      0.250
       104        112      0.250
       104        113      0.500
       104        114      0.500
       104        115      0.500
       104        116      0.250
       104        118      0.250
       104        119      0.250
       105        115      0.250
       105        116      0.250
       105        135      0.250
       105        137      0.250
       105        138      0.750
       105        149      0.250
       105        152      0.250
       106        112      0.250
       106        113      0.250
       107        114      0.250
       114        119      0.500
       114        122      0.500
       115        120      0.250
       115        137      0.500
       115        138      0.500
       116        132      0.250
       116        135      0.250
       116        137      0.500
       117        132      0.500
       117        134      0.250
       117        135      0.250
       117        137      0.500
       117        138      0.500
       118        132      0.250
       118        133      0.250
       118        135      0.250
       119        125      0.500
       120        125      0.500
       120        128      0.250
       120        129      0.250
       120        132      0.250
       121        126      0.750
       121        129      0.250
       121        132      0.250
       123        128      0.250
       126        153      0.250
       126        157      0.250
       127        153      0.250
       127        154      0.250
       127        157      0.500
       127        158      0.250
       128        154      0.250
       128        157      0.250
       128        158      0.250
       129        135      0.250
       129        150      0.250
       129        153      0.250
       129        154      0.250
       130        150      0.500
       130        153      0.250
       130        154      0.500
       130        161      0.250
       131        150      0.250
       131        154      0.250
       131        161      0.250
       132        137      0.250
       132        161      0.250
       133        138      0.250
       133        146      0.250
       133        149      0.250
       133        150      0.250
       133        153      0.500
       133        161      0.250
       134        147      0.250
       134        150      0.250
       135        146      0.250
       135        149      0.250
       135        150      0.250
       135        153      0.250
       136        146      0.250
       136        147      0.250
       136        150      0.250
       136        153      0.250
       136        154      0.250
       136        161      0.250
       137        142      0.250
       137        143      0.250
       137        146      0.250
       137        147      0.250
       138        146      0.250
       138        149      0.250
       138        153      0.250
       139        145      0.500
       139        146      0.500
       139        149      0.250
       139        150      0.250
       139        153      0.250
       139        154      0.250
       140        145      0.250
       141        146      0.250
       141        149      0.250
       145        150      0.250
       153        161      0.250
       154        161      0.250
       155        162      0.250
