          108
     3    89   0.25000
     3    98   0.25000
     7    92   0.25000
     7    93   0.25000
     7   101   0.25000
    11    29   1.00000
    11    30   1.00000
    12    29   1.00000
    13    28   1.00000
    13    29   1.00000
    14    28   1.00000
    15    28   1.00000
    15    57   1.00000
    15    58   1.00000
    16    57   1.00000
    17    26   1.00000
    17    27   1.00000
    17    54   1.00000
    18    25   1.00000
    18    26   1.00000
    26    31   1.00000
    26    32   0.75000
    26    49   0.25000
    28    63   1.00000
    31    49   0.25000
    31    50   0.50000
    32    50   0.25000
    32    52   0.75000
    33    51   0.50000
    33    52   0.50000
    74    91   0.25000
    74    94   0.25000
    74    95   0.50000
    74    96   0.25000
    74   100   0.25000
    74   103   0.25000
    74   104   0.25000
    75    91   0.25000
    75   100   0.25000
    77    99   0.50000
    77   106   0.25000
    78    87   0.50000
    78    89   0.50000
    79    87   0.50000
    79    88   0.50000
    79    89   0.50000
    79    90   0.50000
    81    87   0.50000
    86   152   0.25000
    86   153   0.25000
    87   121   0.50000
    87   122   0.50000
    87   153   0.25000
    89    97   0.25000
    90   149   0.25000
    90   153   0.25000
    94    99   0.25000
   103   114   0.25000
   103   115   0.50000
   103   116   0.25000
   103   118   0.25000
   103   119   0.25000
   104   112   0.25000
   104   113   0.50000
   104   114   0.50000
   104   115   0.50000
   104   116   0.25000
   105   112   0.25000
   105   113   0.50000
   105   114   0.25000
   106   112   0.25000
   106   113   0.25000
   107   112   0.25000
   107   113   0.25000
   117   132   0.25000
   117   134   0.25000
   118   132   0.25000
   120   125   0.50000
   121   126   0.25000
   129   134   0.25000
   129   135   0.25000
   129   150   0.25000
   129   153   0.25000
   130   135   0.25000
   130   150   0.25000
   130   153   0.25000
   130   161   0.25000
   132   137   0.25000
   133   146   0.25000
   133   150   0.25000
   133   153   0.25000
   133   161   0.25000
   134   146   0.25000
   135   146   0.25000
   135   150   0.25000
   136   146   0.25000
   136   153   0.25000
   137   142   0.25000
   137   143   0.25000
   139   145   0.25000
   139   146   0.25000
   139   149   0.25000
   139   150   0.25000
   140   145   0.25000
   140   146   0.25000
   154   161   0.25000
   155   161   0.25000
   155   162   0.25000
