         2678
    1    11   15.354
    1    11   15.354
    1    11   18.023
    1    11   18.023
    1    21   31.114
    1    21   31.114
    1    21   30.007
    1    31   19.035
    1    31   19.035
    1    31   16.446
    1    31   16.446
    1    51   25.640
    1    51   25.640
    1    51   20.538
    1    51   20.538
    1    61   17.961
    1    61   17.961
    1    61   15.578
    1    61   15.578
    1    71   12.634
    1    71   12.634
    1    71    7.130
    1    71    7.130
    1    81   22.802
    1    81   22.802
    1    81   17.190
    1    91   12.365
    1    91   19.311
    1    91   15.882
    1   101   24.673
    1   101   24.673
    1   101   12.193
    1   111   40.627
    1   111   40.627
    1   111   37.815
    1   121   25.009
    1   121   22.401
    1   121   20.353
    1   131   21.185
    1   131   24.021
    1   141   21.363
    1   141   27.110
    1   141   27.495
    1   151   14.417
    1   151   14.417
    1   151   24.575
    1   161   21.253
    1   161   21.253
    1   161   20.068
    2    12   14.847
    2    12   14.847
    2    12   14.847
    2    12   14.847
    2    22   29.987
    2    32   22.998
    2    32   22.998
    2    32   22.998
    2    52   26.886
    2    52   26.886
    2    52   26.886
    2    52   26.886
    2    62   21.898
    2    62   21.898
    2    62   21.898
    2    62   21.898
    2    72   16.051
    2    72   16.051
    2    72   16.051
    2    82   18.392
    2    92   10.232
    2    92   13.408
    2    92   13.408
    2   102   20.959
    2   102   20.959
    2   102   13.442
    2   112   32.505
    2   112   32.505
    2   122   20.860
    2   122   24.131
    2   122   24.131
    2   132   19.470
    2   132   19.470
    2   142   17.760
    2   142   28.429
    2   142   28.429
    2   152    7.589
    2   152    7.589
    2   152   13.207
    2   162   10.799
    3    13   15.410
    3    13   15.410
    3    13   15.410
    3    13   15.410
    3    23   27.125
    3    23   27.125
    3    23   27.125
    3    23   27.125
    3    33   21.437
    3    33   21.437
    3    53   27.689
    3    53   27.689
    3    53   27.689
    3    53   27.689
    3    63   17.544
    3    63   17.544
    3    63   17.544
    3    63   17.544
    3    73   14.699
    3    73   14.699
    3    73   14.699
    3    83   17.411
    3    93   10.037
    3    93    6.598
    3   103   20.464
    3   103   20.464
    3   103   11.883
    3   113   29.123
    3   113   28.125
    3   113   28.125
    3   123   21.578
    3   123   23.110
    3   123   23.110
    3   133   14.321
    3   133   14.321
    3   143   16.813
    3   143   26.363
    3   143   26.363
    3   153    9.280
    3   153    9.280
    3   153   12.292
    4    14   15.833
    4    14   15.833
    4    14   15.833
    4    14   15.833
    4    24   23.546
    4    24   23.546
    4    24   23.546
    4    24   23.546
    4    54   25.674
    4    54   25.674
    4    54   25.674
    4    54   25.674
    4    64   11.446
    4    64   11.446
    4    64   11.446
    4    64   11.446
    4    74   12.036
    4    74   12.036
    4    74   12.036
    4    84   15.600
    4    94   12.882
    4    94   11.698
    4    94   12.039
    4   104   25.212
    4   104   25.212
    4   104   10.735
    4   114   30.141
    4   114   27.524
    4   114   27.524
    4   124   26.230
    4   124   23.535
    4   124   23.535
    4   134   19.248
    4   134   20.557
    4   144   16.467
    4   144   16.467
    4   144   26.456
    4   154   16.226
    4   154   16.226
    4   154   15.634
    5    15   17.949
    5    15   17.949
    5    15   17.949
    5    15   17.949
    5    25   22.591
    5    25   22.591
    5    25   22.591
    5    25   22.591
    5    55   26.667
    5    55   26.667
    5    55   26.667
    5    55   26.667
    5    65   16.223
    5    65   16.223
    5    65   16.223
    5    65   16.223
    5    75   15.575
    5    75   15.575
    5    75   15.575
    5    85   14.212
    5    95   13.046
    5    95   15.196
    5    95   12.413
    5   105   28.016
    5   105   28.016
    5   105   13.704
    5   115   29.498
    5   115   26.680
    5   115   26.680
    5   125   25.629
    5   125   25.250
    5   125   25.250
    5   135   21.955
    5   135   17.776
    5   145   12.109
    5   145   12.109
    5   145   23.522
    5   155   15.322
    5   155   15.322
    5   155   10.972
    6    16   21.321
    6    16   21.321
    6    16   21.321
    6    16   21.321
    6    26   18.372
    6    26   18.372
    6    26   18.372
    6    26   18.372
    6    56   26.281
    6    56   26.281
    6    56   26.281
    6    56   26.281
    6    66   16.990
    6    66   16.990
    6    66   16.990
    6    66   16.990
    6    76   18.444
    6    76   18.444
    6    76   18.444
    6    86   11.591
    6    96   11.045
    6    96   11.100
    6    96   12.874
    6   106   27.904
    6   106   27.904
    6   106   18.017
    6   116   23.480
    6   116   23.359
    6   116   23.359
    6   126   23.018
    6   126   19.407
    6   126   19.407
    6   136   16.270
    6   136   15.408
    6   136   15.408
    6   146   10.413
    6   146   10.413
    6   146   17.296
    6   156   17.099
    6   156   17.099
    7    17   18.163
    7    17   18.163
    7    17   18.163
    7    17   18.163
    7    27   14.335
    7    27   14.335
    7    27   14.335
    7    27   14.335
    7    57   21.383
    7    57   21.383
    7    57   21.383
    7    57   21.383
    7    67   10.063
    7    67   10.063
    7    67   10.063
    7    67   10.063
    7    77   15.804
    7    77   15.804
    7    77   15.804
    7    87   13.883
    7    87   19.022
    7    87   19.022
    7    97    8.218
    7    97   13.007
    7   107   28.810
    7   107   28.810
    7   107   18.649
    7   117   23.043
    7   117   19.631
    7   117   19.631
    7   127   20.346
    7   127   20.792
    7   137   15.548
    7   137   18.164
    7   137   18.164
    7   147   12.832
    7   147   12.832
    7   147   16.531
    7   157   20.846
    7   157   20.846
    8    18   16.033
    8    18   16.033
    8    18   16.033
    8    18   16.033
    8    28    9.659
    8    28    9.659
    8    28    9.659
    8    28    9.659
    8    58   16.705
    8    58   16.705
    8    58   16.705
    8    58   16.705
    8    68   11.472
    8    68   11.472
    8    68   11.472
    8    68   11.472
    8    78   18.580
    8    78   18.580
    8    78   18.580
    8    88   16.198
    8    88   24.099
    8    88   24.099
    8    98   16.161
    8    98   16.161
    8    98   12.536
    8   108   34.253
    8   108   34.253
    8   108   34.253
    8   118   23.458
    8   118   24.730
    8   118   24.730
    8   128   24.309
    8   128   25.647
    8   128   24.309
    8   138   20.456
    8   138   18.917
    8   138   18.917
    8   148   12.733
    8   148   12.733
    8   148   14.430
    8   158   25.361
    8   158   25.361
    9    19   16.528
    9    19   16.528
    9    19   16.528
    9    19   16.528
    9    29    8.676
    9    29    8.676
    9    29    8.676
    9    29    8.676
    9    49   16.790
    9    59   19.211
    9    59   19.211
    9    59   19.211
    9    59   19.211
    9    69   17.571
    9    69   17.571
    9    69   17.571
    9    69   17.571
    9    79   23.778
    9    79   23.778
    9    79   23.778
    9    89   14.477
    9    89   23.180
    9    89   23.180
    9    99   20.666
    9    99   20.666
    9    99   13.712
    9   109   36.839
    9   109   36.839
    9   109   36.839
    9   119   26.012
    9   119   29.244
    9   119   29.244
    9   129   25.882
    9   129   20.415
    9   129   25.882
    9   139   19.461
    9   139   17.611
    9   139   17.611
    9   149   12.352
    9   149   12.352
    9   149   13.209
    9   159   26.204
    9   159   26.204
   10    20   16.304
   10    20   16.304
   10    20   16.304
   10    20   16.304
   10    30    8.834
   10    30    8.834
   10    30    8.834
   10    30    8.834
   10    50   18.202
   10    50   18.202
   10    60   18.599
   10    60   18.599
   10    60   18.599
   10    60   18.599
   10    70   14.510
   10    70   14.510
   10    70   14.510
   10    70   14.510
   10    80   24.719
   10    80   24.719
   10    80   24.719
   10    90   12.794
   10    90   25.149
   10    90   25.149
   10   100   20.520
   10   100   20.520
   10   100   13.487
   10   110   34.085
   10   110   34.085
   10   110   34.085
   10   120   26.923
   10   120   25.916
   10   120   25.916
   10   130   18.795
   10   130   19.948
   10   130   18.795
   10   140   12.792
   10   140   16.029
   10   140   16.029
   10   150   14.549
   10   150   14.549
   10   150   12.159
   10   160   23.816
   10   160   23.816
   11    21   16.709
   11    21   16.709
   11    21   16.709
   11    31    9.099
   11    31    9.099
   11    31    9.099
   11    31    9.099
   11    51   17.248
   11    51   17.248
   11    51   17.248
   11    51   17.248
   11    61   17.359
   11    61   17.359
   11    61   17.359
   11    61   17.359
   11    71   12.731
   11    71   12.731
   11    71   12.731
   11    71   12.731
   11    81   24.403
   11    81   24.403
   11    81   24.403
   11    91   14.285
   11    91   27.839
   11    91   27.839
   11   101   18.966
   11   101   18.966
   11   101   10.978
   11   111   34.057
   11   111   34.057
   11   111   34.057
   11   121   27.883
   11   121   26.035
   11   121   26.035
   11   131   22.871
   11   131   22.871
   11   141   11.375
   11   141   16.004
   11   141   16.004
   11   151   18.540
   11   151   18.540
   11   151   13.367
   11   161   29.050
   11   161   29.050
   11   161   17.719
   12    22   18.886
   12    32   13.559
   12    32   13.559
   12    32   13.559
   12    52   16.211
   12    52   16.211
   12    52   16.211
   12    52   16.211
   12    62   15.669
   12    62   15.669
   12    62   15.669
   12    62   15.669
   12    72   18.470
   12    72   18.470
   12    72   18.470
   12    82   28.303
   12    92   13.861
   12    92   26.254
   12    92   26.254
   12   102   23.078
   12   102   23.078
   12   102   15.924
   12   112   32.717
   12   112   32.717
   12   122   29.141
   12   122   32.209
   12   122   32.209
   12   132   25.205
   12   132   25.205
   12   142   15.026
   12   142   22.311
   12   142   22.311
   12   152   18.994
   12   152   18.994
   12   152   13.431
   12   162   20.327
   13    23   18.040
   13    23   18.040
   13    23   18.040
   13    23   18.040
   13    33   15.054
   13    33   15.054
   13    53   16.114
   13    53   16.114
   13    53   16.114
   13    53   16.114
   13    63    8.789
   13    63    8.789
   13    63    8.789
   13    63    8.789
   13    73   19.092
   13    73   19.092
   13    73   19.092
   13    83   31.358
   13    93   18.225
   13    93   15.811
   13   103   28.432
   13   103   28.432
   13   103   18.861
   13   113   34.799
   13   113   35.458
   13   113   35.458
   13   123   34.016
   13   123   36.402
   13   123   36.402
   13   133   24.419
   13   133   24.419
   13   143   21.376
   13   143   27.325
   13   143   27.325
   13   153   23.678
   13   153   23.678
   13   153   20.061
   14    24   14.942
   14    24   14.942
   14    24   14.942
   14    24   14.942
   14    54   12.409
   14    54   12.409
   14    54   12.409
   14    54   12.409
   14    64   11.405
   14    64   11.405
   14    64   11.405
   14    64   11.405
   14    74   20.689
   14    74   20.689
   14    74   20.689
   14    84   31.126
   14    94   21.224
   14    94   20.973
   14    94   27.694
   14   104   32.248
   14   104   32.248
   14   104   17.491
   14   114   37.240
   14   114   35.978
   14   114   35.978
   14   124   39.365
   14   124   37.477
   14   124   37.477
   14   134   27.754
   14   134   31.096
   14   144   21.995
   14   144   21.995
   14   144   27.163
   14   154   30.405
   14   154   30.405
   14   154   24.849
   15    25   12.048
   15    25   12.048
   15    25   12.048
   15    25   12.048
   15    55    9.563
   15    55    9.563
   15    55    9.563
   15    55    9.563
   15    65   13.126
   15    65   13.126
   15    65   13.126
   15    65   13.126
   15    75   24.450
   15    75   24.450
   15    75   24.450
   15    85   29.779
   15    95   19.711
   15    95   23.528
   15    95   29.083
   15   105   34.787
   15   105   34.787
   15   105   19.785
   15   115   38.323
   15   115   36.443
   15   115   36.443
   15   125   39.813
   15   125   40.124
   15   125   40.124
   15   135   32.608
   15   135   30.515
   15   145   23.454
   15   145   23.454
   15   145   29.570
   15   155   33.032
   15   155   33.032
   15   155   25.897
   16    26    8.477
   16    26    8.477
   16    26    8.477
   16    26    8.477
   16    56    6.851
   16    56    6.851
   16    56    6.851
   16    56    6.851
   16    66   13.992
   16    66   13.992
   16    66   13.992
   16    66   13.992
   16    76   28.167
   16    76   28.167
   16    76   28.167
   16    86   31.511
   16    96   20.418
   16    96   20.866
   16    96   32.354
   16   106   36.381
   16   106   36.381
   16   106   27.252
   16   116   36.917
   16   116   38.730
   16   116   38.730
   16   126   41.801
   16   126   38.672
   16   126   38.672
   16   136   29.374
   16   136   31.751
   16   136   31.751
   16   146   27.310
   16   146   27.310
   16   146   25.867
   16   156   38.057
   16   156   38.057
   17    27    4.878
   17    27    4.878
   17    27    4.878
   17    27    4.878
   17    57    7.256
   17    57    7.256
   17    57    7.256
   17    57    7.256
   17    67   14.199
   17    67   14.199
   17    67   14.199
   17    67   14.199
   17    77   26.474
   17    77   26.474
   17    77   26.474
   17    87   31.372
   17    87   32.684
   17    87   32.684
   17    97   18.246
   17    97   29.511
   17   107   36.608
   17   107   36.608
   17   107   26.250
   17   117   36.385
   17   117   33.766
   17   117   33.766
   17   127   37.295
   17   127   38.078
   17   137   25.738
   17   137   30.791
   17   137   30.791
   17   147   28.380
   17   147   28.380
   17   147   24.881
   17   157   38.948
   17   157   38.948
   18    28    9.496
   18    28    9.496
   18    28    9.496
   18    28    9.496
   18    58   12.602
   18    58   12.602
   18    58   12.602
   18    58   12.602
   18    68   19.687
   18    68   19.687
   18    68   19.687
   18    68   19.687
   18    78   28.581
   18    78   28.581
   18    78   28.581
   18    88   29.634
   18    88   35.045
   18    88   35.045
   18    98   20.531
   18    98   20.531
   18    98   26.676
   18   108   35.408
   18   108   35.408
   18   108   35.408
   18   118   32.648
   18   118   33.456
   18   118   33.456
   18   128   37.205
   18   128   37.281
   18   128   37.205
   18   138   22.774
   18   138   25.167
   18   138   25.167
   18   148   25.295
   18   148   25.295
   18   148   19.106
   18   158   39.883
   18   158   39.883
   19    29   12.988
   19    29   12.988
   19    29   12.988
   19    29   12.988
   19    49   10.350
   19    59   21.501
   19    59   21.501
   19    59   21.501
   19    59   21.501
   19    69   20.663
   19    69   20.663
   19    69   20.663
   19    69   20.663
   19    79   29.365
   19    79   29.365
   19    79   29.365
   19    89   25.425
   19    89   30.663
   19    89   30.663
   19    99   20.719
   19    99   20.719
   19    99   24.005
   19   109   32.622
   19   109   32.622
   19   109   32.622
   19   119   29.387
   19   119   32.907
   19   119   32.907
   19   129   33.418
   19   129   28.800
   19   129   33.418
   19   139   13.525
   19   139   18.037
   19   139   18.037
   19   149   22.837
   19   149   22.837
   19   149   15.755
   19   159   39.414
   19   159   39.414
   20    30   13.297
   20    30   13.297
   20    30   13.297
   20    30   13.297
   20    50   16.474
   20    50   16.474
   20    60   25.486
   20    60   25.486
   20    60   25.486
   20    60   25.486
   20    70   20.322
   20    70   20.322
   20    70   20.322
   20    70   20.322
   20    80   30.709
   20    80   30.709
   20    80   30.709
   20    90   25.488
   20    90   35.283
   20    90   35.283
   20   100   21.104
   20   100   21.104
   20   100   23.797
   20   110   31.330
   20   110   31.330
   20   110   31.330
   20   120   32.667
   20   120   33.486
   20   120   33.486
   20   130   29.321
   20   130   29.577
   20   130   29.321
   20   140   16.558
   20   140   15.273
   20   140   15.273
   20   150   26.690
   20   150   26.690
   20   150   19.132
   20   160   38.564
   20   160   38.564
   21    31   15.144
   21    31   15.144
   21    31   15.144
   21    51   17.709
   21    51   17.709
   21    51   17.709
   21    61   28.071
   21    61   28.071
   21    61   28.071
   21    71   22.925
   21    71   22.925
   21    71   22.925
   21    81   28.879
   21    81   28.879
   21    81   28.879
   21    91   24.416
   21    91   37.325
   21    91   37.325
   21   101   18.831
   21   101   18.831
   21   101   22.222
   21   111   27.433
   21   111   27.433
   21   111   27.433
   21   121   33.570
   21   121   32.525
   21   121   32.525
   21   131   30.702
   21   131   30.702
   21   141   17.684
   21   141   12.227
   21   141   12.227
   21   151   30.719
   21   151   30.719
   21   151   22.364
   21   161   42.083
   21   161   42.083
   21   161   28.305
   22    32   12.649
   22    52   15.491
   22    62   25.239
   23    33   13.689
   23    33   13.689
   23    53   13.046
   23    53   13.046
   23    53   13.046
   23    53   13.046
   23    63   20.300
   23    63   20.300
   23    63   20.300
   23    63   20.300
   23    73   22.624
   23    73   22.624
   23    73   22.624
   23    83   38.123
   23    93   22.011
   23    93   22.686
   23   103   26.321
   23   103   26.321
   23   103   21.268
   23   113   27.712
   23   113   30.160
   23   113   30.160
   23   123   36.188
   23   123   39.220
   23   123   39.220
   23   133   27.152
   23   133   27.152
   23   143   23.117
   23   143   18.572
   23   143   18.572
   23   153   31.900
   23   153   31.900
   23   153   24.126
   24    54    9.895
   24    54    9.895
   24    54    9.895
   24    54    9.895
   24    64   20.137
   24    64   20.137
   24    64   20.137
   24    64   20.137
   24    74   20.158
   24    74   20.158
   24    74   20.158
   24    84   34.981
   24    94   19.548
   24    94   20.757
   24    94   32.546
   24   104   25.456
   24   104   25.456
   24   104   16.998
   24   114   29.648
   24   114   29.810
   24   114   29.810
   24   124   37.834
   24   124   37.357
   24   124   37.357
   24   134   26.721
   24   134   29.769
   24   144   24.206
   24   144   24.206
   24   144   20.436
   24   154   34.209
   24   154   34.209
   24   154   27.200
   25    55   10.117
   25    55   10.117
   25    55   10.117
   25    55   10.117
   25    65   17.519
   25    65   17.519
   25    65   17.519
   25    65   17.519
   25    75   23.484
   25    75   23.484
   25    75   23.484
   25    85   31.795
   25    95   16.980
   25    95   20.061
   25    95   30.940
   25   105   27.208
   25   105   27.208
   25   105   15.959
   25   115   31.871
   25   115   30.614
   25   115   30.614
   25   125   37.966
   25   125   38.264
   25   125   38.264
   25   135   27.912
   25   135   27.591
   25   145   22.266
   25   145   22.266
   25   145   23.560
   25   155   35.060
   25   155   35.060
   25   155   26.419
   26    56   11.040
   26    56   11.040
   26    56   11.040
   26    56   11.040
   26    66   11.262
   26    66   11.262
   26    66   11.262
   26    66   11.262
   26    76   22.058
   26    76   22.058
   26    76   22.058
   26    86   27.569
   26    96   13.521
   26    96   14.298
   26    96   27.490
   26   106   28.141
   26   106   28.141
   26   106   19.564
   26   116   29.234
   26   116   31.422
   26   116   31.422
   26   126   35.731
   26   126   32.980
   26   126   32.980
   26   136   22.408
   26   136   25.674
   26   136   25.674
   26   146   21.881
   26   146   21.881
   26   146   20.219
   26   156   34.515
   26   156   34.515
   27    57    8.667
   27    57    8.667
   27    57    8.667
   27    57    8.667
   27    67    9.399
   27    67    9.399
   27    67    9.399
   27    67    9.399
   27    77   21.992
   27    77   21.992
   27    77   21.992
   27    87   27.046
   27    87   28.264
   27    87   28.264
   27    97   14.642
   27    97   24.959
   27   107   34.185
   27   107   34.185
   27   107   22.755
   27   117   32.826
   27   117   29.995
   27   117   29.995
   27   127   33.071
   27   127   34.101
   27   137   23.438
   27   137   27.908
   27   137   27.908
   27   147   25.476
   27   147   25.476
   27   147   23.644
   27   157   34.870
   27   157   34.870
   28    58    7.705
   28    58    7.705
   28    58    7.705
   28    58    7.705
   28    68   11.106
   28    68   11.106
   28    68   11.106
   28    68   11.106
   28    78   23.081
   28    78   23.081
   28    78   23.081
   28    88   23.166
   28    88   29.321
   28    88   29.321
   28    98   18.141
   28    98   18.141
   28    98   20.002
   28   108   37.092
   28   108   37.092
   28   108   37.092
   28   118   29.581
   28   118   30.057
   28   118   30.057
   28   128   32.588
   28   128   33.437
   28   128   32.588
   28   138   24.235
   28   138   24.316
   28   138   24.316
   28   148   21.751
   28   148   21.751
   28   148   19.838
   28   158   34.620
   28   158   34.620
   29    49    9.172
   29    59   12.537
   29    59   12.537
   29    59   12.537
   29    59   12.537
   29    69   11.341
   29    69   11.341
   29    69   11.341
   29    69   11.341
   29    79   22.459
   29    79   22.459
   29    79   22.459
   29    89   16.631
   29    89   23.331
   29    89   23.331
   29    99   18.497
   29    99   18.497
   29    99   16.926
   29   109   37.452
   29   109   37.452
   29   109   37.452
   29   119   26.817
   29   119   30.501
   29   119   30.501
   29   129   29.747
   29   129   24.394
   29   129   29.747
   29   139   19.715
   29   139   20.353
   29   139   20.353
   29   149   17.504
   29   149   17.504
   29   149   16.963
   29   159   32.749
   29   159   32.749
   30    50    9.518
   30    50    9.518
   30    60   14.259
   30    60   14.259
   30    60   14.259
   30    60   14.259
   30    70    8.976
   30    70    8.976
   30    70    8.976
   30    70    8.976
   30    80   22.926
   30    80   22.926
   30    80   22.926
   30    90   16.764
   30    90   25.506
   30    90   25.506
   30   100   18.365
   30   100   18.365
   30   100   14.308
   30   110   34.414
   30   110   34.414
   30   110   34.414
   30   120   28.683
   30   120   28.611
   30   120   28.611
   30   130   23.527
   30   130   25.310
   30   130   23.527
   30   140   18.721
   30   140   18.371
   30   140   18.371
   30   150   20.769
   30   150   20.769
   30   150   18.487
   30   160   30.974
   30   160   30.974
   31    51    8.340
   31    51    8.340
   31    51    8.340
   31    51    8.340
   31    61   13.647
   31    61   13.647
   31    61   13.647
   31    61   13.647
   31    71   10.201
   31    71   10.201
   31    71   10.201
   31    71   10.201
   31    81   22.842
   31    81   22.842
   31    81   22.842
   31    91   15.306
   31    91   28.280
   31    91   28.280
   31   101   18.636
   31   101   18.636
   31   101   13.799
   31   111   33.632
   31   111   33.632
   31   111   33.632
   31   121   29.820
   31   121   27.326
   31   121   27.326
   31   131   27.654
   31   131   27.654
   31   141   18.673
   31   141   18.473
   31   141   18.473
   31   151   24.997
   31   151   24.997
   31   151   21.120
   31   161   36.042
   31   161   36.042
   31   161   23.421
   32    52    5.927
   32    52    5.927
   32    52    5.927
   32    62   13.271
   32    62   13.271
   32    62   13.271
   32    72   14.857
   32    72   14.857
   32    92   29.296
   32    92   29.296
   32   102   20.161
   32   102   16.893
   32   112   26.960
   32   112   26.960
   32   122   30.482
   32   122   30.482
   32   132   27.329
   32   142   18.955
   32   142   18.955
   32   152   25.945
   32   152   20.028
   32   162   27.646
   33    53    9.038
   33    53    9.038
   33    63   11.035
   33    63   11.035
   33    73   12.459
   33    73   12.459
   33    93   17.866
   33   103   23.115
   33   103   16.407
   33   113   29.496
   33   113   29.496
   33   123   34.224
   33   123   34.224
   33   133   26.167
   33   143   25.070
   33   143   25.070
   33   153   27.888
   33   153   24.276
   49    59   15.530
   49    69   11.401
   49    79   22.854
   49    89   21.262
   49    99   16.234
   49   109   34.352
   49   119   26.524
   49   129   32.223
   49   139   17.850
   49   149   22.327
   49   159   38.680
   50    60   16.045
   50    60   16.045
   50    70    9.055
   50    70    9.055
   50    80   22.349
   50    90   22.750
   50   100   18.433
   50   110   35.400
   50   120   31.125
   50   130   29.154
   50   140   26.600
   50   150   27.816
   50   160   38.438
   51    61   14.514
   51    61   14.514
   51    61   14.514
   51    61   14.514
   51    71   15.435
   51    71   15.435
   51    71   15.435
   51    71   15.435
   51    81   26.647
   51    81   26.647
   51    81   26.647
   51    91   21.675
   51    91   33.055
   51    91   33.055
   51   101   23.508
   51   101   23.508
   51   101   21.135
   51   111   36.855
   51   111   36.855
   51   111   36.855
   51   121   35.546
   51   121   32.799
   51   121   32.799
   51   131   34.930
   51   131   34.930
   51   141   26.481
   51   141   24.314
   51   141   24.314
   51   151   32.945
   51   151   32.945
   51   151   29.280
   51   161   43.960
   51   161   43.960
   51   161   31.184
   52    62   11.534
   52    62   11.534
   52    62   11.534
   52    62   11.534
   52    72   18.475
   52    72   18.475
   52    72   18.475
   52    82   31.870
   52    92   21.497
   52    92   33.915
   52    92   33.915
   52   102   25.964
   52   102   25.964
   52   102   22.564
   52   112   32.280
   52   112   32.280
   52   122   34.139
   52   122   35.833
   52   122   35.833
   52   132   33.183
   52   132   33.183
   52   142   24.705
   52   142   23.940
   52   142   23.940
   52   152   30.833
   52   152   30.833
   52   152   25.229
   52   162   32.745
   53    63   13.069
   53    63   13.069
   53    63   13.069
   53    63   13.069
   53    73   21.297
   53    73   21.297
   53    73   21.297
   53    83   38.737
   53    93   26.110
   53    93   25.063
   53   103   31.478
   53   103   31.478
   53   103   24.506
   53   113   35.284
   53   113   37.274
   53   113   37.274
   53   123   39.582
   53   123   42.935
   53   123   42.935
   53   133   33.271
   53   133   33.271
   53   143   31.196
   53   143   29.777
   53   143   29.777
   53   153   35.032
   53   153   35.032
   53   153   30.341
   54    64   18.362
   54    64   18.362
   54    64   18.362
   54    64   18.362
   54    74   25.100
   54    74   25.100
   54    74   25.100
   54    84   39.279
   54    94   25.982
   54    94   27.135
   54    94   36.231
   54   104   34.154
   54   104   34.154
   54   104   22.598
   54   114   38.671
   54   114   38.390
   54   114   38.390
   54   124   44.741
   54   124   43.661
   54   124   43.661
   54   134   34.258
   54   134   37.347
   54   144   30.200
   54   144   30.200
   54   144   29.485
   54   154   39.486
   54   154   39.486
   54   154   33.309
   55    65   18.982
   55    65   18.982
   55    65   18.982
   55    65   18.982
   55    75   30.133
   55    75   30.133
   55    75   30.133
   55    85   37.526
   55    95   24.852
   55    95   28.422
   55    95   36.948
   55   105   37.177
   55   105   37.177
   55   105   24.486
   55   115   41.508
   55   115   40.184
   55   115   40.184
   55   125   45.890
   55   125   46.358
   55   125   46.358
   55   135   37.108
   55   135   36.127
   55   145   29.629
   55   145   29.629
   55   145   32.571
   55   155   41.142
   55   155   41.142
   55   155   33.088
   56    66   14.220
   56    66   14.220
   56    66   14.220
   56    66   14.220
   56    76   29.067
   56    76   29.067
   56    76   29.067
   56    86   35.276
   56    96   23.840
   56    96   23.632
   56    96   35.934
   56   106   38.552
   56   106   38.552
   56   106   28.981
   56   116   39.588
   56   116   41.803
   56   116   41.803
   56   126   45.015
   56   126   42.116
   56   126   42.116
   56   136   33.294
   56   136   36.294
   56   136   36.294
   56   146   32.114
   56   146   32.114
   56   146   30.850
   56   156   42.307
   56   156   42.307
   57    67   15.058
   57    67   15.058
   57    67   15.058
   57    67   15.058
   57    77   29.551
   57    77   29.551
   57    77   29.551
   57    87   34.225
   57    87   36.038
   57    87   36.038
   57    97   23.186
   57    97   32.013
   57   107   42.711
   57   107   42.711
   57   107   31.061
   57   117   41.362
   57   117   38.410
   57   117   38.410
   57   127   40.728
   57   127   41.805
   57   137   31.816
   57   137   36.424
   57   137   36.424
   57   147   33.076
   57   147   33.076
   57   147   31.027
   57   157   41.745
   57   157   41.745
   58    68   14.601
   58    68   14.601
   58    68   14.601
   58    68   14.601
   58    78   28.758
   58    78   28.758
   58    78   28.758
   58    88   29.255
   58    88   34.824
   58    88   34.824
   58    98   24.328
   58    98   24.328
   58    98   26.272
   58   108   43.464
   58   108   43.464
   58   108   43.464
   58   118   36.487
   58   118   36.527
   58   118   36.527
   58   128   39.553
   58   128   40.536
   58   128   39.553
   58   138   31.401
   58   138   31.695
   58   138   31.695
   58   148   29.232
   58   148   29.232
   58   148   27.332
   58   158   41.414
   58   158   41.414
   59    69   15.177
   59    69   15.177
   59    69   15.177
   59    69   15.177
   59    79   29.977
   59    79   29.977
   59    79   29.977
   59    89   25.843
   59    89   31.452
   59    89   31.452
   59    99   28.292
   59    99   28.292
   59    99   27.474
   59   109   48.817
   59   109   48.817
   59   109   48.817
   59   119   37.294
   59   119   40.986
   59   119   40.986
   59   129   40.836
   59   129   35.557
   59   129   40.836
   59   139   31.420
   59   139   32.807
   59   139   32.807
   59   149   29.003
   59   149   29.003
   59   149   29.472
   59   159   42.336
   59   159   42.336
   60    70   15.764
   60    70   15.764
   60    70   15.764
   60    70   15.764
   60    80   30.393
   60    80   30.393
   60    80   30.393
   60    90   24.942
   60    90   30.532
   60    90   30.532
   60   100   30.395
   60   100   30.395
   60   100   22.768
   60   110   47.857
   60   110   47.857
   60   110   47.857
   60   120   39.327
   60   120   38.626
   60   120   38.626
   60   130   33.126
   60   130   35.656
   60   130   33.126
   60   140   30.957
   60   140   32.350
   60   140   32.350
   60   150   30.129
   60   150   30.129
   60   150   30.596
   60   160   36.061
   60   160   36.061
   61    71   15.053
   61    71   15.053
   61    71   15.053
   61    71   15.053
   61    81   30.151
   61    81   30.151
   61    81   30.151
   61    91   21.698
   61    91   31.379
   61    91   31.379
   61   101   30.251
   61   101   30.251
   61   101   21.089
   61   111   46.155
   61   111   46.155
   61   111   46.155
   61   121   37.469
   61   121   34.299
   61   121   34.299
   61   131   35.407
   61   131   35.407
   61   141   28.651
   61   141   31.404
   61   141   31.404
   61   151   30.276
   61   151   30.276
   61   151   29.669
   61   161   38.842
   61   161   38.842
   61   161   30.141
   62    72   15.365
   62    72   15.365
   62    72   15.365
   62    82   28.245
   62    92   20.555
   62    92   29.572
   62    92   29.572
   62   102   28.654
   62   102   28.654
   62   102   23.289
   62   112   37.638
   62   112   37.638
   62   122   33.675
   62   122   35.520
   62   122   35.520
   62   132   34.296
   62   132   34.296
   62   142   27.711
   62   142   31.348
   62   142   31.348
   62   152   27.942
   62   152   27.942
   62   152   26.148
   62   162   30.792
   63    73   15.693
   63    73   15.693
   63    73   15.693
   63    83   30.104
   63    93   20.362
   63    93   17.642
   63   103   28.635
   63   103   28.635
   63   103   19.448
   63   113   35.500
   63   113   36.217
   63   113   36.217
   63   123   33.709
   63   123   36.568
   63   123   36.568
   63   133   27.803
   63   133   27.803
   63   143   27.268
   63   143   31.237
   63   143   31.237
   63   153   26.317
   63   153   26.317
   63   153   24.787
   64    74   15.233
   64    74   15.233
   64    74   15.233
   64    84   24.596
   64    94   18.318
   64    94   19.162
   64    94   21.066
   64   104   30.413
   64   104   30.413
   64   104   14.872
   64   114   35.544
   64   114   33.506
   64   114   33.506
   64   124   34.251
   64   124   31.946
   64   124   31.946
   64   134   28.404
   64   134   29.909
   64   144   25.214
   64   144   25.214
   64   144   31.665
   64   154   27.362
   64   154   27.362
   64   154   25.788
   65    75   15.233
   65    75   15.233
   65    75   15.233
   65    85   21.864
   65    95   15.157
   65    95   18.379
   65    95   22.800
   65   105   31.492
   65   105   31.492
   65   105   17.712
   65   115   32.914
   65   115   31.700
   65   115   31.700
   65   125   31.852
   65   125   33.235
   65   125   33.235
   65   135   30.794
   65   135   27.521
   65   145   23.946
   65   145   23.946
   65   145   31.681
   65   155   28.565
   65   155   28.565
   65   155   25.103
   66    76   15.676
   66    76   15.676
   66    76   15.676
   66    86   22.765
   66    96   14.882
   66    96   12.698
   66    96   23.341
   66   106   31.190
   66   106   31.190
   66   106   18.307
   66   116   29.399
   66   116   31.157
   66   116   31.157
   66   126   32.378
   66   126   29.554
   66   126   29.554
   66   136   24.996
   66   136   27.495
   66   136   27.495
   66   146   23.410
   66   146   23.410
   66   146   26.490
   66   156   30.207
   66   156   30.207
   67    77   15.707
   67    77   15.707
   67    77   15.707
   67    87   19.955
   67    87   21.677
   67    87   21.677
   67    97   12.427
   67    97   17.282
   67   107   33.046
   67   107   33.046
   67   107   19.918
   67   117   28.646
   67   117   25.283
   67   117   25.283
   67   127   26.409
   67   127   28.014
   67   137   22.856
   67   137   25.561
   67   137   25.561
   67   147   22.527
   67   147   22.527
   67   147   24.811
   67   157   28.000
   67   157   28.000
   68    78   15.356
   68    78   15.356
   68    78   15.356
   68    88   15.747
   68    88   20.808
   68    88   20.808
   68    98   15.504
   68    98   15.504
   68    98   13.522
   68   108   36.352
   68   108   36.352
   68   108   36.352
   68   118   24.917
   68   118   24.421
   68   118   24.421
   68   128   27.200
   68   128   28.467
   68   128   27.200
   68   138   25.880
   68   138   23.521
   68   138   23.521
   68   148   21.099
   68   148   21.099
   68   148   23.607
   68   158   29.733
   68   158   29.733
   69    79   15.314
   69    79   15.314
   69    79   15.314
   69    89   15.180
   69    89   17.590
   69    89   17.590
   69    99   14.897
   69    99   14.897
   69    99   17.173
   69   109   37.284
   69   109   37.284
   69   109   37.284
   69   119   23.584
   69   119   27.179
   69   119   27.179
   69   129   28.936
   69   129   24.391
   69   129   28.936
   69   139   24.013
   69   139   24.415
   69   139   24.415
   69   149   20.451
   69   149   20.451
   69   149   22.857
   69   159   34.072
   69   159   34.072
   70    80   15.568
   70    80   15.568
   70    80   15.568
   70    90   14.774
   70    90   18.527
   70    90   18.527
   70   100   15.121
   70   100   15.121
   70   100   10.162
   70   110   33.243
   70   110   33.243
   70   110   33.243
   70   120   24.803
   70   120   24.919
   70   120   24.919
   70   130   21.759
   70   130   24.519
   70   130   21.759
   70   140   24.224
   70   140   21.515
   70   140   21.515
   70   150   20.802
   70   150   20.802
   70   150   22.250
   70   160   30.467
   70   160   30.467
   71    81   15.448
   71    81   15.448
   71    81   15.448
   71    91    7.323
   71    91   18.505
   71    91   18.505
   71   101   16.488
   71   101   16.488
   71   101    8.133
   71   111   32.742
   71   111   32.742
   71   111   32.742
   71   121   22.711
   71   121   19.565
   71   121   19.565
   71   131   22.119
   71   131   22.119
   71   141   20.437
   71   141   21.054
   71   141   21.054
   71   151   19.710
   71   151   19.710
   71   151   20.521
   71   161   30.134
   71   161   30.134
   71   161   18.191
   72    82   13.644
   72    92   10.756
   72    92   16.912
   72    92   16.912
   72   102   16.225
   72   102   16.225
   72   102   12.784
   72   112   25.940
   72   112   25.940
   72   122   19.048
   72   122   20.421
   72   122   20.421
   72   132   22.395
   72   132   22.395
   72   142   21.644
   72   142   25.605
   72   142   25.605
   72   152   18.878
   72   152   18.878
   72   152   19.842
   72   162   21.904
   73    83   17.890
   73    93   11.811
   73    93   10.867
   73   103   14.832
   73   103   14.832
   73   103    8.579
   73   113   22.678
   73   113   22.742
   73   113   22.742
   73   123   19.402
   73   123   22.808
   73   123   22.808
   73   133   18.875
   73   133   18.875
   73   143   23.144
   73   143   24.672
   73   143   24.672
   73   153   18.902
   73   153   18.902
   73   153   19.170
   74    84   16.009
   74    94    5.141
   74    94    8.140
   74    94   14.178
   74   104   15.894
   74   104   15.894
   74   104    4.990
   74   114   20.878
   74   114   18.531
   74   114   18.531
   74   124   20.340
   74   124   18.969
   74   124   18.969
   74   134   18.039
   74   134   17.669
   74   144   19.900
   74   144   19.900
   74   144   23.304
   74   154   19.007
   74   154   19.007
   74   154   18.494
   75    85   11.402
   75    95    8.280
   75    95    7.820
   75    95   12.734
   75   105   20.221
   75   105   20.221
   75   105   11.873
   75   115   19.459
   75   115   18.329
   75   115   18.329
   75   125   16.944
   75   125   18.635
   75   125   18.635
   75   135   19.843
   75   135   16.073
   75   145   17.948
   75   145   17.948
   75   145   24.994
   75   155   19.019
   75   155   19.019
   75   155   18.138
   76    86   15.940
   76    96   13.801
   76    96   10.345
   76    96   14.409
   76   106   22.936
   76   106   22.936
   76   106    9.131
   76   116   18.063
   76   116   19.490
   76   116   19.490
   76   126   19.499
   76   126   17.829
   76   126   17.829
   76   136   19.187
   76   136   21.427
   76   136   21.427
   76   146   19.666
   76   146   19.666
   76   146   26.177
   76   156   22.883
   76   156   22.883
   77    87   13.604
   77    87    7.336
   77    87    7.336
   77    97   11.913
   77    97   10.615
   77   107   21.981
   77   107   21.981
   77   107    8.852
   77   117   16.068
   77   117   13.235
   77   117   13.235
   77   127   16.167
   77   127   18.957
   77   137   18.810
   77   137   17.860
   77   137   17.860
   77   147   20.243
   77   147   20.243
   77   147   25.157
   77   157   21.819
   77   157   21.819
   78    88    7.274
   78    88    6.500
   78    88    6.500
   78    98   10.480
   78    98   10.480
   78    98    9.303
   78   108   26.016
   78   108   26.016
   78   108   26.016
   78   118   11.350
   78   118    9.769
   78   118    9.769
   78   128   15.540
   78   128   15.712
   78   128   15.540
   78   138   20.285
   78   138   15.448
   78   138   15.448
   78   148   17.911
   78   148   17.911
   78   148   22.541
   78   158   21.293
   78   158   21.293
   79    89   11.221
   79    89    4.036
   79    89    4.036
   79    99   10.851
   79    99   10.851
   79    99   12.793
   79   109   29.969
   79   109   29.969
   79   109   29.969
   79   119   11.801
   79   119   14.339
   79   119   14.339
   79   129   17.688
   79   129   15.383
   79   129   17.688
   79   139   24.749
   79   139   22.322
   79   139   22.322
   79   149   17.308
   79   149   17.308
   79   149   23.095
   79   159   26.124
   79   159   26.124
   80    90   15.656
   80    90    8.796
   80    90    8.796
   80   100   11.997
   80   100   11.997
   80   100   11.770
   80   110   26.235
   80   110   26.235
   80   110   26.235
   80   120   13.782
   80   120   14.670
   80   120   14.670
   80   130   17.392
   80   130   20.425
   80   130   17.392
   80   140   29.684
   80   140   24.075
   80   140   24.075
   80   150   20.503
   80   150   20.503
   80   150   25.754
   80   160   29.200
   80   160   29.200
   81    91   11.461
   81    91   11.521
   81    91   11.521
   81   101   11.820
   81   101   11.820
   81   101   14.606
   81   111   23.215
   81   111   23.215
   81   111   23.215
   81   121   11.483
   81   121    8.478
   81   121    8.478
   81   131   17.566
   81   131   17.566
   81   141   25.669
   81   141   22.290
   81   141   22.290
   81   151   21.496
   81   151   21.496
   81   151   24.646
   81   161   30.886
   81   161   30.886
   81   161   18.448
   82    92   15.650
   82   102   17.027
   82   122   11.012
   82   132   19.170
   82   142   26.046
   82   152   17.290
   83    93   17.501
   83   103   17.458
   83   113   26.227
   83   123    9.854
   83   133   18.113
   83   143   26.683
   83   153   13.646
   84    94   16.408
   84   104   23.036
   84   114   26.430
   84   124   14.334
   84   134   19.492
   84   144   22.685
   84   154    9.701
   85    95   15.908
   85   105   25.958
   85   115   24.026
   85   125   13.815
   85   135   21.310
   85   145   18.330
   85   155    9.806
   86    96   16.801
   86   106   28.529
   86   116   20.869
   86   126   14.115
   86   136   18.548
   86   146   14.011
   86   156    7.624
   87    97   15.898
   87    97    9.194
   87   107   26.545
   87   107   20.546
   87   107   11.820
   87   117   15.767
   87   117    8.559
   87   117    8.559
   87   127    7.311
   87   127   13.293
   87   137   18.310
   87   137   15.905
   87   137   15.905
   87   147   12.806
   87   147   19.075
   87   147   25.977
   87   157    8.715
   87   157   17.109
   88    98   14.937
   88    98   16.359
   88    98   12.714
   88   108   30.085
   88   108   27.714
   88   108   27.714
   88   118   12.994
   88   118    9.238
   88   118    9.238
   88   128   11.923
   88   128   13.960
   88   128   13.717
   88   138   21.937
   88   138   19.043
   88   138   19.043
   88   148   13.740
   88   148   21.246
   88   148   27.315
   88   158   15.414
   88   158   19.800
   89    99   14.240
   89    99   12.854
   89    99   10.796
   89   109   32.585
   89   109   30.307
   89   109   30.307
   89   119   15.694
   89   119   13.287
   89   119   13.287
   89   129   15.927
   89   129   12.563
   89   129   14.744
   89   139   22.195
   89   139   21.840
   89   139   21.840
   89   149    8.431
   89   149   15.301
   89   149   22.474
   89   159   18.960
   89   159   22.245
   90   100   16.495
   90   100   18.983
   90   100   12.050
   90   110   29.672
   90   110   32.013
   90   110   32.013
   90   120   16.836
   90   120   14.637
   90   120   14.637
   90   130    8.274
   90   130   19.124
   90   130   15.532
   90   140   18.415
   90   140   27.838
   90   140   27.838
   90   150    6.885
   90   150   18.525
   90   150   26.726
   90   160   16.423
   90   160   23.329
   91   101   12.890
   91   101   21.261
   91   101   17.109
   91   111   28.835
   91   111   32.902
   91   111   32.902
   91   121   15.864
   91   121    9.496
   91   121    9.496
   91   131   14.948
   91   131   17.518
   91   141   17.696
   91   141   29.965
   91   141   29.965
   91   151   13.829
   91   151   19.086
   91   151   26.795
   91   161   24.563
   91   161   24.831
   91   161   17.759
   92   102   11.475
   92   102   18.605
   92   102   15.596
   92   112   28.797
   92   112   28.797
   92   122   15.368
   92   122   14.111
   92   122   14.111
   92   132   13.877
   92   132   16.680
   92   142   11.883
   92   142   31.800
   92   142   31.800
   92   152   10.240
   92   152   11.081
   92   152   20.062
   92   162   13.783
   93   103   11.553
   93   103   14.631
   93   113   19.365
   93   113   22.277
   93   123   16.676
   93   123   20.623
   93   133    7.793
   93   143   11.791
   93   143   20.568
   93   153   10.581
   93   153   10.093
   94   104   12.611
   94   104   13.927
   94   104   15.908
   94   114   17.708
   94   114   16.497
   94   114   24.026
   94   124   18.901
   94   124   17.725
   94   124   13.815
   94   134   13.192
   94   134   11.094
   94   144   15.785
   94   144   12.253
   94   144   30.750
   94   154   16.786
   94   154   14.032
   94   154   17.306
   95   105   17.140
   95   105   14.157
   95   105   16.801
   95   115   19.155
   95   115   13.595
   95   115   20.869
   95   125   21.168
   95   125   18.317
   95   125   14.115
   95   135   15.793
   95   135   10.614
   95   145   12.034
   95   145   12.240
   95   145   25.336
   95   155   19.997
   95   155   18.866
   95   155   11.736
   96   106   18.621
   96   106   20.211
   96   106   15.770
   96   116   16.738
   96   116   18.795
   96   116   15.767
   96   126   22.498
   96   126   18.958
   96   126    7.311
   96   136   10.183
   96   136   15.297
   96   136   14.056
   96   146   10.037
   96   146   12.112
   96   146   22.765
   96   156   23.376
   96   156   22.340
   97   107   21.574
   97   107   17.024
   97   117   15.547
   97   117   12.994
   97   127   20.717
   97   137   13.695
   97   137   17.329
   97   147   13.573
   97   147   23.716
   97   157   23.272
   98   108   20.879
   98   108   20.879
   98   108   31.041
   98   118   13.918
   98   118   13.553
   98   118   15.694
   98   128   21.300
   98   128   20.406
   98   128   14.007
   98   138   12.912
   98   138   10.944
   98   138   16.332
   98   148   17.555
   98   148   17.555
   98   148   19.100
   98   158   27.102
   98   158   27.102
   99   109   22.660
   99   109   22.660
   99   109   29.719
   99   119   10.682
   99   119   14.388
   99   119   16.836
   99   129   18.726
   99   129   15.677
   99   129   13.576
   99   139   14.835
   99   139   14.511
   99   139   14.747
   99   149   15.644
   99   149   15.644
   99   149   13.624
   99   159   29.586
   99   159   29.586
  100   110   18.319
  100   110   18.319
  100   110   28.750
  100   120   14.213
  100   120   16.313
  100   120   15.864
  100   130   17.463
  100   130   18.891
  100   130   11.822
  100   140   21.864
  100   140   14.148
  100   140   17.990
  100   150   19.215
  100   150   19.215
  100   150   16.669
  100   160   31.589
  100   160   31.589
  101   111   16.448
  101   111   16.448
  101   111   29.137
  101   121   15.424
  101   121   14.568
  101   121   15.368
  101   131   16.347
  101   131   14.622
  101   141   17.302
  101   141   10.909
  101   141   16.413
  101   151   20.488
  101   151   20.488
  101   151   13.131
  101   161   31.685
  101   161   31.685
  101   161   10.346
  102   112   11.599
  102   112   19.365
  102   122   10.831
  102   122   12.624
  102   122   16.676
  102   132   10.152
  102   132   11.094
  102   142   14.078
  102   142   15.146
  102   142   16.704
  102   152   17.551
  102   152   17.551
  102   152    8.724
  102   162   12.611
  103   113    9.500
  103   113    8.308
  103   113   17.708
  103   123   10.928
  103   123   14.079
  103   123   18.901
  103   133   12.140
  103   133   10.614
  103   143   18.886
  103   143   16.931
  103   143   17.896
  103   153   17.612
  103   153   17.612
  103   153   11.115
  104   114    5.156
  104   114    4.382
  104   114   19.155
  104   124   16.054
  104   124   17.769
  104   124   21.168
  104   134   14.943
  104   134   13.003
  104   144   21.954
  104   144   21.954
  104   144   19.329
  104   154   22.402
  104   154   22.402
  104   154   15.365
  105   115    6.688
  105   115    6.278
  105   115   16.738
  105   125   20.518
  105   125   20.059
  105   125   22.498
  105   135   10.585
  105   135   13.641
  105   145   19.420
  105   145   19.420
  105   145   14.513
  105   155   27.051
  105   155   27.051
  105   155   13.060
  106   116    9.435
  106   116   12.648
  106   116   14.136
  106   126   23.356
  106   126   23.600
  106   126   17.772
  106   136   12.691
  106   136   16.887
  106   136   15.656
  106   146   19.764
  106   146   19.764
  106   146   19.024
  106   156   32.692
  106   156   32.692
  107   117   12.424
  107   117   14.929
  107   117   12.296
  107   127   24.055
  107   127   24.307
  107   137   16.090
  107   137   13.724
  107   137   14.243
  107   147   23.718
  107   147   23.718
  107   147   21.864
  107   157   30.805
  107   157   30.805
  108   118   18.394
  108   118   18.842
  108   118   18.842
  108   128   27.487
  108   128   24.061
  108   128   27.487
  108   138   15.324
  108   138   16.403
  108   138   16.403
  108   148   28.808
  108   148   28.808
  108   148   25.081
  108   158   34.618
  108   158   34.618
  109   119   19.331
  109   119   18.961
  109   119   18.961
  109   129   23.781
  109   129   25.101
  109   129   23.781
  109   139   19.779
  109   139   19.759
  109   139   19.759
  109   149   28.766
  109   149   28.766
  109   149   24.582
  109   159   37.685
  109   159   37.685
  110   120   17.597
  110   120   20.693
  110   120   20.693
  110   130   25.253
  110   130   24.038
  110   130   25.253
  110   140   28.015
  110   140   19.610
  110   140   19.610
  110   150   28.210
  110   150   28.210
  110   150   25.995
  110   160   39.397
  110   160   39.397
  111   121   22.786
  111   121   24.216
  111   121   24.216
  111   131   25.822
  111   131   25.822
  111   141   28.846
  111   141   19.848
  111   141   19.848
  111   151   33.100
  111   151   33.100
  111   151   29.891
  111   161   42.392
  111   161   42.392
  111   161   29.342
  112   122   17.828
  112   122   17.828
  112   132   17.573
  112   142   16.146
  112   142   16.146
  112   152   28.481
  112   152   24.508
  112   162   28.092
  113   123   17.828
  113   123   16.762
  113   123   16.762
  113   133   18.424
  113   133   16.870
  113   143   22.840
  113   143   16.797
  113   143   16.797
  113   153   25.886
  113   153   23.894
  113   153   21.088
  114   124   16.762
  114   124   15.637
  114   124   15.637
  114   134   17.908
  114   134   12.935
  114   144   25.643
  114   144   24.147
  114   144   20.421
  114   154   25.515
  114   154   22.281
  114   154   21.629
  115   125   15.637
  115   125   13.937
  115   125   13.937
  115   135   13.031
  115   135   10.822
  115   145   22.350
  115   145   18.944
  115   145   17.404
  115   155   25.849
  115   155   22.744
  115   155   20.205
  116   126   13.937
  116   126   11.802
  116   126   11.802
  116   136   10.283
  116   136   11.487
  116   136   11.487
  116   146   15.599
  116   146   15.184
  116   146   20.439
  116   156   24.281
  116   156   21.841
  117   127   11.802
  117   127   10.215
  117   137   14.610
  117   137    8.485
  117   137    8.485
  117   147   16.782
  117   147   14.410
  117   147   20.572
  117   157   18.894
  117   157   16.341
  118   128   10.215
  118   128   10.239
  118   128   12.424
  118   138   15.421
  118   138   12.326
  118   138   12.326
  118   148   16.340
  118   148   19.208
  118   148   22.813
  118   158   17.963
  118   158   20.299
  119   129   10.239
  119   129   11.603
  119   129    9.501
  119   139   19.649
  119   139   18.585
  119   139   18.585
  119   149   15.865
  119   149   18.362
  119   149   21.823
  119   159   24.057
  119   159   23.998
  120   130   11.603
  120   130    9.829
  120   130    8.836
  120   140   25.903
  120   140   20.716
  120   140   20.716
  120   150   16.622
  120   150   14.201
  120   150   20.502
  120   160   25.400
  120   160   21.811
  121   131    9.829
  121   131   11.061
  121   141   24.857
  121   141   23.277
  121   141   23.277
  121   151   17.075
  121   151   16.645
  121   151   22.085
  121   161   23.937
  121   161   24.268
  121   161   13.840
  122   132   10.210
  122   132   13.471
  122   142   21.040
  122   142   27.407
  122   142   27.407
  122   152   15.963
  122   152   19.623
  122   152   23.351
  122   162   20.425
  123   133   15.011
  123   133   15.981
  123   143   24.216
  123   143   28.451
  123   143   28.451
  123   153   15.859
  123   153   16.164
  123   153   21.234
  124   134   19.043
  124   134   13.666
  124   144   26.659
  124   144   25.376
  124   144   30.122
  124   154   16.344
  124   154   13.575
  124   154   20.596
  125   135   18.506
  125   135   13.371
  125   145   23.245
  125   145   21.656
  125   145   26.210
  125   155   16.166
  125   155   14.462
  125   155   19.413
  126   136   18.352
  126   136   14.387
  126   136   14.387
  126   146   18.258
  126   146   15.471
  126   146   25.020
  126   156   13.975
  126   156   10.996
  127   137   19.743
  127   137   14.279
  127   147   15.438
  127   147   13.622
  127   157    8.038
  127   157    6.821
  128   138   22.136
  128   138   14.534
  128   138   16.313
  128   148   14.681
  128   148   15.837
  128   148   22.872
  128   158    8.058
  128   158   11.393
  129   139   23.399
  129   139   14.145
  129   139   17.379
  129   149   13.570
  129   149    8.171
  129   149   19.390
  129   159   14.959
  129   159   14.601
  130   140   18.984
  130   140   16.458
  130   140   17.414
  130   150    5.455
  130   150    6.273
  130   150   13.932
  130   160   14.925
  130   160   15.396
  131   141   17.595
  131   141   19.683
  131   151    8.950
  131   151   13.817
  131   161   16.721
  131   161    6.273
  132   142   13.261
  132   142   19.434
  132   152   13.015
  132   152   12.823
  132   162   11.511
  133   143    9.316
  133   143   16.631
  133   153    9.053
  133   153    5.586
  134   144    8.870
  134   144   13.786
  134   154   12.916
  134   154   11.306
  135   145   11.471
  135   145    9.336
  135   155   19.001
  135   155   14.022
  136   146    7.115
  136   146    5.140
  136   146   11.157
  136   156   22.644
  136   156   19.000
  137   147    9.884
  137   147   10.070
  137   147   12.858
  137   157   23.158
  137   157   19.662
  138   148   15.971
  138   148   12.619
  138   148   11.289
  138   158   27.244
  138   158   21.925
  139   149   17.364
  139   149   11.931
  139   149    4.851
  139   159   32.668
  139   159   26.029
  140   150   15.265
  140   150   16.179
  140   150    8.691
  140   160   25.718
  140   160   28.985
  141   151   15.452
  141   151   21.689
  141   151   13.805
  141   161   25.485
  141   161   32.735
  141   161   18.727
  142   152   15.140
  142   152   26.137
  142   152   16.876
  142   162   25.311
  143   153   15.070
  143   153   25.156
  143   153   16.194
  144   154   15.661
  144   154   15.661
  144   154   17.092
  145   155   15.767
  145   155   15.767
  145   155   16.073
  146   156   17.800
  146   156   17.800
  147   157   15.509
  147   157   15.509
  148   158   15.327
  148   158   15.327
  149   159   16.835
  149   159   16.835
  150   160   13.234
  150   160   13.234
  151   161   11.815
  151   161   11.815
  151   161    9.939
  152   162    9.978
