          489
    1     3     2    5.400    0.000
    1     4     2    5.117    0.000
    1     5     2    5.973    0.000
    1     6     2    8.463    0.000
    1     7     2    9.874    0.000
    2     4     4    5.544    0.000
    2     5     4    5.018    0.000
    2     6     4    6.040    0.000
    2     7     4    8.600    0.000
    2     8     4    9.731    0.000
    3     5     4    5.380    0.000
    3     6     4    5.021    0.000
    3     7     4    6.155    0.000
    3     8     4    8.407    0.000
    3     9     4   10.039    0.000
    4     6     4    5.430    0.000
    4     7     4    5.147    0.000
    4     8     4    5.810    0.000
    4     9     4    8.434    0.000
    4    10     4    9.906    0.000
    5     7     4    5.531    0.000
    5     8     4    5.059    0.000
    5     9     4    5.972    0.000
    5    10     4    8.419    0.000
    5    11     4    9.971    0.000
    6     8     4    5.567    0.000
    6     9     4    5.575    0.000
    6    10     4    6.268    0.000
    6    11     4    8.842    0.000
    6    12     4   10.026    0.000
    7     9     4    5.718    0.000
    7    10     4    5.337    0.000
    7    11     4    6.461    0.000
    7    12     4    8.470    0.000
    7    13     4   10.551    0.000
    8    10     4    5.483    0.000
    8    11     4    5.334    0.000
    8    12     4    5.592    0.000
    8    13     4    7.136    0.000
    8    14     4   10.819    0.000
    9    11     4    5.409    0.000
    9    12     4    4.982    0.000
    9    13     4    7.929    0.000
    9    14     4   11.500    0.000
    9    15     4   14.966    0.000
   10    12     4    5.890    0.000
   10    13     4    9.396    0.000
   10    14     4   12.422    0.000
   10    15     4   16.028    0.000
   10    16     4   17.125    0.000
   11    13     4    6.634    0.000
   11    14     4    9.180    0.000
   11    15     4   12.654    0.000
   11    16     4   13.602    0.000
   11    17     4   12.785    0.000
   12    14     4    6.774    0.000
   12    15     4   10.461    0.000
   12    16     4   11.837    0.000
   12    17     4   12.092    0.000
   12    18     4   11.584    0.000
   13    15     4    7.041    0.000
   13    16     4    9.211    0.000
   13    17     4   10.178    0.000
   13    18     4   10.841    0.000
   14    16     4    5.420    0.000
   14    17     4    6.988    0.000
   14    18     4    8.209    0.000
   15    17     4    6.507    0.000
   15    18     4    9.224    0.000
   16    18     4    6.419    0.000
   19    21     3    6.317    0.000
   23    25     4    6.489    0.000
   23    26     4    9.089    0.000
   23    27     4   12.836    0.000
   23    28     4   16.098    0.000
   23    29     4   16.406    0.000
   24    26     4    6.615    0.000
   24    27     4   10.224    0.000
   24    28     4   13.728    0.000
   24    29     4   14.302    0.000
   24    30     4   11.243    0.000
   25    27     4    6.952    0.000
   25    28     4   10.622    0.000
   25    29     4   11.933    0.000
   25    30     4    9.602    0.000
   25    31     4    8.551    0.000
   26    28     4    7.136    0.000
   26    29     4    8.131    0.000
   26    30     4    6.024    0.000
   26    31     4    5.409    0.000
   26    32     3    4.702    0.000
   27    29     4    6.192    0.000
   27    30     4    5.991    0.000
   27    31     4    4.735    0.000
   27    32     3    6.041    0.000
   27    33     2    7.983    0.000
   28    30     4    5.991    0.000
   28    31     4    5.860    0.000
   28    32     3    8.808    0.000
   28    33     2   10.370    0.000
   29    31     4    5.568    0.000
   29    32     3    9.172    0.000
   29    33     2   11.273    0.000
   30    32     3    6.589    0.000
   30    33     2    9.518    0.000
   31    33     2    5.891    0.000
   50    52     2    5.395    0.000
   50    53     2    9.038    0.000
   50    54     2   11.842    0.000
   50    55     2   14.598    0.000
   50    56     2   12.919    0.000
   51    53     4    6.639    0.000
   51    54     4   10.134    0.000
   51    55     4   12.518    0.000
   51    56     4   10.339    0.000
   51    57     4   11.774    0.000
   52    54     4    6.637    0.000
   52    55     4    9.276    0.000
   52    56     4    7.833    0.000
   52    57     4    9.537    0.000
   52    58     4    9.383    0.000
   53    55     4    6.434    0.000
   53    56     4    5.598    0.000
   53    57     4    8.585    0.000
   53    58     4    9.728    0.000
   53    59     4   13.370    0.000
   54    56     4    5.446    0.000
   54    57     4    8.328    0.000
   54    58     4   10.709    0.000
   54    59     4   14.527    0.003
   54    60     4   16.855    0.000
   55    57     4    6.271    0.000
   55    58     4    9.613    0.000
   55    59     4   13.188    0.000
   55    60     4   15.690    0.004
   55    61     4   17.800    0.000
   56    58     4    6.425    0.000
   56    59     4    9.954    0.000
   56    60     4   12.865    0.000
   56    61     4   14.540    0.000
   56    62     4   11.908    0.000
   57    59     4    7.030    0.000
   57    60     4    9.563    0.000
   57    61     4   11.848    0.000
   57    62     4    9.941    0.000
   57    63     4    9.649    0.000
   58    60     4    6.545    0.000
   58    61     4    8.206    0.000
   58    62     4    6.145    0.000
   58    63     4    6.322    0.000
   58    64     4    9.895    0.000
   59    61     4    5.221    0.000
   59    62     4    4.822    0.000
   59    63     4    6.126    0.000
   59    64     4    8.585    0.000
   59    65     4    9.484    0.000
   60    62     4    5.563    0.000
   60    63     4    5.354    0.000
   60    64     4    6.570    0.000
   60    65     4    8.794    0.000
   60    66     4   10.088    0.000
   61    63     4    5.397    0.000
   61    64     4    5.076    0.000
   61    65     4    6.086    0.000
   61    66     4    8.586    0.000
   61    67     4    9.716    0.000
   62    64     4    5.380    0.000
   62    65     4    4.861    0.000
   62    66     4    6.112    0.000
   62    67     4    8.515    0.000
   62    68     4    9.704    0.000
   63    65     4    5.381    0.000
   63    66     4    5.031    0.000
   63    67     4    6.123    0.000
   63    68     4    8.559    0.000
   63    69     4    9.911    0.000
   64    66     4    5.315    0.000
   64    67     4    4.884    0.000
   64    68     4    5.933    0.000
   64    69     4    8.477    0.000
   64    70     4    9.822    0.000
   65    67     4    5.469    0.000
   65    68     4    5.141    0.000
   65    69     4    6.299    0.000
   65    70     4    8.834    0.000
   65    71     4    9.907    0.000
   66    68     4    5.471    0.000
   66    69     4    5.221    0.000
   66    70     4    6.450    0.000
   66    71     4    8.704    0.000
   66    72     3   10.134    0.000
   67    69     4    5.408    0.000
   67    70     4    5.228    0.000
   67    71     4    6.106    0.000
   67    72     3    8.646    0.000
   67    73     3   10.085    0.000
   68    70     4    5.481    0.000
   68    71     4    5.032    0.000
   68    72     3    6.150    0.000
   68    73     3    8.721    0.000
   68    74     3    9.934    0.003
   69    71     4    5.447    0.000
   69    72     3    5.272    0.000
   69    73     3    6.477    0.000
   69    74     3    8.917    0.000
   69    75     3    9.913    0.000
   70    72     3    5.465    0.000
   70    73     3    5.225    0.000
   70    74     3    6.509    0.000
   70    75     3    8.774    0.000
   70    76     3   10.001    0.000
   71    73     3    5.440    0.000
   71    74     3    5.149    0.000
   71    75     3    6.188    0.000
   71    76     3    8.628    0.000
   71    77     3    9.963    0.000
   72    74     3    5.326    0.000
   72    75     3    4.824    0.000
   72    76     3    6.016    0.000
   72    77     3    8.575    0.000
   72    78     3    9.815    0.000
   73    75     3    5.449    0.000
   73    76     3    5.092    0.000
   73    77     3    6.480    0.000
   73    78     3    9.016    0.000
   73    79     3    9.961    0.000
   74    76     3    5.391    0.000
   74    77     3    5.122    0.000
   74    78     3    6.616    0.000
   74    79     3    8.822    0.000
   74    80     3   10.062    0.000
   75    77     3    5.299    0.000
   75    78     3    5.176    0.000
   75    79     3    6.141    0.000
   75    80     3    8.504    0.000
   75    81     3    9.907    0.000
   76    78     3    5.473    0.000
   76    79     3    5.063    0.000
   76    80     3    5.837    0.000
   76    81     3    8.155    0.000
   77    79     3    5.498    0.000
   77    80     3    5.345    0.000
   77    81     3    5.740    0.000
   78    80     3    5.709    0.000
   78    81     3    5.427    0.000
   79    81     3    5.718    0.000
   87    89     3    5.448    0.017
   87    90     3    7.424    1.591
   87    91     2    8.956    0.000
   88    90     3    5.490    0.027
   88    91     2    5.596    0.000
   89    91     2    5.404    0.000
   93    95     2    5.476    0.030
   93    96     2    5.138    0.105
   94    96     3    5.457    0.090
   94    97     2    5.082    0.161
   95    97     2    5.377    0.025
   98   100     2    5.725    0.000
   98   101     2    5.931    0.000
   98   102     2    7.094    0.000
   98   103     2    9.372    0.000
   98   104     2   11.194    0.000
   99   101     2    5.509    0.000
   99   102     2    5.349    0.000
   99   103     2    6.450    0.000
   99   104     2    9.062    0.000
   99   105     2   11.237    0.000
  100   102     3    5.459    0.055
  100   103     3    5.232    0.102
  100   104     3    6.305    0.240
  100   105     3    8.469    0.074
  100   106     2   11.073    0.000
  101   103     3    5.565    0.042
  101   104     3    5.568    0.379
  101   105     3    6.351    0.042
  101   106     2    9.415    0.000
  101   107     2   12.534    0.000
  102   104     3    5.751    0.216
  102   105     3    6.879    1.157
  102   106     2   11.368    0.000
  102   107     2   13.764    0.000
  102   108     2   16.959    0.004
  103   105     3    6.557    0.852
  103   106     2   10.594    0.000
  103   107     2   12.811    0.000
  103   108     2   16.301    0.000
  103   109     2   17.777    0.000
  104   106     2    6.944    0.000
  104   107     2    9.132    0.000
  104   108     2   12.601    0.000
  104   109     2   14.157    0.000
  104   110     2   12.743    0.000
  105   107     2    6.249    0.000
  105   108     2    9.378    0.000
  105   109     2   11.448    0.000
  105   110     2   10.827    0.000
  105   111     2   10.601    0.000
  106   108     2    6.144    0.000
  106   109     2    8.801    0.000
  106   110     2    8.285    0.000
  106   111     2    7.238    0.000
  107   109     2    5.234    0.000
  107   110     2    5.226    0.000
  107   111     2    5.624    0.000
  108   110     3    5.538    0.000
  108   111     3    4.856    0.000
  109   111     3    5.629    0.000
  112   114     2    7.021    0.000
  112   115     2    9.044    0.000
  112   116     2   12.491    0.000
  112   117     2   14.274    0.000
  112   118     2   13.134    0.000
  113   115     3    6.614    0.288
  113   116     3    9.310    0.188
  113   117     3   11.952    0.381
  113   118     3   11.689    1.828
  113   119     3   11.503    1.153
  114   116     3    6.571    0.114
  114   117     3    8.783    0.467
  114   118     3    8.356    2.352
  114   119     3    8.198    1.554
  114   120     3   10.608    0.056
  115   117     3    5.783    0.614
  115   118     3    6.331    1.500
  115   119     3    6.497    0.139
  115   120     3    8.282    0.836
  115   121     3   10.158    0.290
  116   118     3    5.325    0.017
  116   119     3    4.996    0.194
  116   120     3    6.237    0.114
  116   121     3    8.570    0.214
  116   122     3    9.874    0.056
  117   119     3    5.431    0.084
  117   120     3    5.202    0.243
  117   121     3    6.148    0.006
  117   122     3    8.622    0.143
  117   123     3    9.960    0.089
  118   120     3    5.492    0.000
  118   121     3    5.122    0.178
  118   122     3    6.144    0.000
  118   123     3    8.652    0.051
  118   124     3    9.907    0.081
  119   121     3    5.472    0.015
  119   122     3    5.214    0.154
  119   123     3    6.309    0.116
  119   124     3    8.781    0.117
  119   125     3    9.134    0.507
  120   122     3    5.461    0.000
  120   123     3    5.106    0.153
  120   124     3    6.321    0.050
  120   125     3    6.415    1.731
  120   126     3    7.513    0.893
  121   123     3    5.381    0.057
  121   124     3    5.050    0.037
  121   125     3    6.027    0.182
  121   126     3    5.913    0.511
  121   127     2    8.050    1.168
  122   124     3    5.414    0.052
  122   125     3    6.789    1.212
  122   126     3    8.156    1.596
  122   127     2    9.314    3.040
  122   128     2   10.166    0.947
  123   125     3    5.371    0.056
  123   126     3    8.081    0.307
  123   127     2   10.096    0.811
  123   128     2   11.027    1.327
  124   126     3    5.551    0.156
  124   127     2    8.612    0.314
  124   128     2   10.003    0.904
  125   127     2    5.720    0.058
  125   128     2    7.292    1.634
  126   128     2    5.621    0.157
  130   132     2    5.357    0.000
  130   133     2    5.573    0.000
  131   133     2    5.538    0.000
  134   136     2    5.365    0.007
  134   137     2    5.915    0.493
  134   138     2    8.913    0.967
  134   139     2   11.959    1.218
  135   137     2    5.748    0.369
  135   138     2    7.269    1.173
  135   139     2   10.255    1.655
  136   138     3    5.576    0.308
  136   139     3    7.229    1.161
  136   140     2    9.880    0.000
  136   141     2   13.177    0.000
  136   142     2   16.290    0.000
  137   139     3    6.370    0.357
  137   140     2    8.442    0.000
  137   141     2   11.910    0.000
  137   142     2   14.405    0.000
  137   143     2   12.421    0.000
  138   140     2    6.012    0.000
  138   141     2    8.871    0.000
  138   142     2   11.713    0.000
  138   143     2   10.606    0.000
  139   141     2    6.874    0.000
  139   142     2   10.176    0.000
  139   143     2    9.148    0.000
  140   142     3    6.185    0.485
  140   143     3    5.305    0.175
  140   144     2    5.448    0.736
  140   145     2    6.256    2.304
  140   146     2    7.976    1.988
  141   143     3    5.257    0.117
  141   144     2    5.108    0.022
  141   145     2    6.124    0.067
  141   146     2    7.737    0.829
  141   147     2   10.260    0.358
  142   144     2    5.482    0.180
  142   145     2    6.649    1.856
  142   146     2    7.888    2.059
  142   147     2   11.011    2.720
  142   148     2   11.807    2.177
  143   145     2    6.158    0.710
  143   146     2    7.466    2.170
  143   147     2    9.716    3.535
  143   148     2   11.517    2.834
  143   149     2   11.188    1.277
  144   146     3    5.958    0.367
  144   147     3    6.825    2.176
  144   148     3    8.079    2.459
  144   149     3    9.291    0.748
  144   150     3   10.398    0.650
  145   147     3    5.804    0.657
  145   148     3    6.322    1.689
  145   149     3    6.594    0.539
  145   150     3    8.256    0.442
  145   151     3   10.300    0.455
  146   148     3    5.412    0.160
  146   149     3    5.026    0.046
  146   150     3    6.105    0.088
  146   151     3    8.633    0.050
  146   152     3    9.799    0.118
  147   149     3    5.333    0.118
  147   150     3    4.933    0.089
  147   151     3    6.160    0.017
  147   152     3    8.569    0.005
  147   153     3    9.699    0.187
  148   150     3    5.469    0.033
  148   151     3    5.181    0.067
  148   152     3    6.262    0.145
  148   153     3    8.610    0.031
  148   154     3   10.087    0.130
  149   151     3    5.410    0.077
  149   152     3    5.036    0.172
  149   153     3    5.937    0.076
  149   154     3    8.517    0.160
  149   155     3    9.983    0.249
  150   152     3    5.438    0.006
  150   153     3    5.066    0.162
  150   154     3    6.189    0.006
  150   155     3    8.708    0.018
  150   156     2   11.977    0.000
  151   153     3    5.574    0.088
  151   154     3    5.355    0.048
  151   155     3    6.338    0.000
  151   156     2   10.022    0.000
  151   157     2   10.109    0.000
  152   154     3    5.407    0.048
  152   155     3    5.294    0.117
  152   156     2    8.773    0.000
  152   157     2    9.729    0.000
  152   158     2   10.932    0.000
  153   155     3    5.726    0.142
  153   156     2    8.302    0.000
  153   157     2    7.963    0.000
  153   158     2    9.963    0.000
  153   159     2   12.807    0.000
  154   156     2    6.103    0.000
  154   157     2    5.028    0.000
  154   158     2    6.262    0.000
  154   159     2    9.191    0.000
  154   160     2    8.838    0.000
  155   157     2    5.345    0.000
  155   158     2    6.337    0.000
  155   159     2    7.976    0.000
  155   160     2    6.427    0.000
  155   161     2    9.815    0.000
  156   158     2    5.758    0.000
  156   159     2    7.316    0.000
  156   160     2    6.820    0.000
  156   161     2   10.540    0.000
  157   159     2    7.051    0.000
  157   160     2    8.190    0.000
  157   161     2   11.265    0.000
  158   160     2    6.022    0.000
  158   161     2    8.207    0.000
  159   161     2    5.116    0.000
